###FILE ALREADY PARSED###
BPM 7090 120
7090 0 1
7090 0 3
7090 0 5
7090 0 7
7173 0 5
7173 0 7
7256 0 5
7256 0 7
7423 0 3
7423 0 5
7590 0 3
7590 0 5
7673 0 4
7673 0 6
7756 0 2
7756 0 5
7923 0 2
7923 0 5
8090 0 1
8090 0 4
8256 0 2
8256 0 6
8423 0 5
8423 0 7
8506 0 5
8506 0 7
8590 0 5
8590 0 7
8756 0 2
8756 0 5
8923 0 2
8923 0 5
9006 0 3
9006 0 6
9090 0 2
9090 0 4
9256 0 2
9256 0 4
9340 0 3
9340 0 5
9423 0 1
9423 0 4
9590 0 2
9590 0 3
9756 0 5
9756 0 7
9840 0 5
9840 0 7
9923 0 5
9923 0 7
10090 0 3
10090 0 5
10256 0 3
10256 0 5
10340 0 4
10340 0 6
10423 0 2
10423 0 5
10590 0 2
10590 0 5
10756 0 1
10756 0 4
10923 0 3
10923 0 5
11090 0 1
11090 0 4
11173 0 2
11173 0 5
11256 0 3
11256 0 6
11340 0 1
11340 0 4
11423 0 2
11423 0 5
11506 0 3
11506 0 6
11590 0 4
11590 0 7
11673 0 2
11673 0 5
11756 0 1
11756 0 4
11840 0 2
11840 0 5
11923 0 3
11923 0 6
12006 0 1
12006 0 4
12090 0 3
12090 0 6
12173 0 2
12173 0 4
12256 0 3
12256 0 5
12340 0 4
12340 0 6
12423 0 1
12423 0 3
12423 0 5
12423 0 7
12506 0 5
12506 0 7
12590 0 5
12590 0 7
12756 0 1
12756 0 2
12756 0 3
12756 0 5
12923 0 3
12923 0 5
13006 0 4
13006 0 6
13090 0 2
13090 0 5
13256 0 2
13256 0 5
13423 0 1
13423 0 3
13590 0 2
13590 0 6
13756 0 5
13756 0 7
13840 0 5
13840 0 7
13923 0 5
13923 0 7
14090 0 2
14090 0 5
14256 0 2
14256 0 5
14340 0 3
14340 0 6
14423 0 2
14423 0 4
14590 0 2
14590 0 4
14673 0 3
14673 0 5
14756 0 1
14756 0 4
14923 0 2
14923 0 3
15090 0 1
15090 0 3
15090 0 5
15090 0 7
15173 0 5
15173 0 7
15256 0 5
15256 0 7
15423 0 3
15423 0 5
15590 0 3
15590 0 5
15673 0 4
15673 0 6
15756 0 1
15756 0 2
15756 0 3
15756 0 5
15923 0 3
15923 0 5
16090 0 1
16090 0 4
16256 0 2
16256 0 6
16423 0 1
16423 0 3
16423 0 4
16423 0 7
16506 0 2
16506 0 5
16590 0 3
16590 0 6
16673 0 1
16673 0 4
16756 0 2
16756 0 3
16756 0 5
16756 0 7
16840 0 4
16840 0 6
16923 0 5
16923 0 7
17006 0 2
17006 0 3
17090 0 1
17090 0 4
17090 0 6
17090 0 7
17173 0 2
17173 0 5
17256 0 3
17256 0 6
17340 0 1
17340 0 4
17423 0 2
17423 0 7
17423-17756 0 3
17423-17756 0 6
17756 0 1
17756 0 2
18423 0 1
18423 0 2
18756 0 1
18756 0 2
18840 0 1
18840 0 2
18923 0 1
18923 0 2
19090 0 1
19090 0 3
19090 0 5
19173 0 1
19173 0 2
19173 0 4
19256 0 2
19256 0 3
19256 0 5
19340 0 3
19340 0 4
19340 0 6
19423 0 2
19423 0 5
19423 0 7
19506 0 3
19506 0 4
19506 0 6
19590 0 2
19590 0 4
19590 0 5
19673 0 2
19673 0 4
19673 0 6
19756 0 1
19756 0 3
19756 0 5
19840 0 1
19840 0 2
19840 0 4
19923 0 2
19923 0 3
19923 0 5
20006 0 3
20006 0 4
20006 0 6
20090 0 2
20090 0 5
20090 0 6
20090 0 7
20173 0 3
20173 0 4
20173 0 6
20173 0 7
20256 0 2
20256 0 5
20256 0 6
20256 0 7
20340 0 3
20340 0 4
20340 0 6
20340 0 7
20423 0 1
20423 0 3
20423 0 5
20506 0 1
20506 0 2
20506 0 4
20590 0 2
20590 0 3
20590 0 5
20673 0 3
20673 0 4
20673 0 6
20756 0 2
20756 0 5
20756 0 7
20840 0 3
20840 0 4
20840 0 6
20923 0 2
20923 0 4
20923 0 5
21006 0 2
21006 0 4
21006 0 6
21090 0 1
21090 0 3
21090 0 5
21173 0 1
21173 0 2
21173 0 4
21256 0 2
21256 0 3
21256 0 6
21340 0 3
21340 0 4
21340 0 5
21423 0 2
21423 0 3
21423 0 6
21465 0 5
21506 0 1
21506 0 4
21506 0 7
21548 0 3
21590 0 2
21590 0 4
21590 0 6
21673 0 3
21673 0 4
21673 0 5
21756 0 1
21756 0 2
21756 0 4
21840 0 2
21840 0 3
21840 0 5
21923 0 3
21923 0 4
21923 0 6
22006 0 2
22006 0 5
22006 0 7
22090 0 3
22090 0 4
22090 0 6
22173 0 2
22173 0 4
22173 0 5
22256 0 2
22256 0 4
22256 0 6
22340 0 1
22340 0 3
22340 0 5
22423 0 1
22423 0 2
22423 0 4
22506 0 2
22506 0 3
22506 0 5
22590 0 3
22590 0 4
22590 0 6
22673 0 2
22673 0 5
22673 0 7
22756 0 3
22756 0 4
22756 0 7
22798 0 6
22840 0 2
22840 0 4
22840 0 5
22923 0 3
22923 0 6
22923 0 7
22965 0 5
23006 0 1
23006 0 3
23006 0 4
23090 0 1
23090 0 2
23090 0 4
23173 0 2
23173 0 3
23173 0 5
23256 0 3
23256 0 4
23256 0 5
23256 0 6
23340 0 2
23340 0 6
23340 0 7
23423 0 3
23423 0 4
23423 0 5
23423 0 6
23506 0 2
23506 0 4
23506 0 5
23590 0 2
23590 0 4
23590 0 5
23590 0 6
23673 0 1
23673 0 3
23673 0 5
23756 0 1
23756 0 2
23756 0 4
23756 0 7
23840 0 2
23840 0 3
23840 0 6
23923 0 3
23923 0 4
23923 0 5
24006 0 2
24006 0 5
24006 0 7
24090 0 3
24090 0 4
24090 0 6
24256 0 2
24256 0 4
24256 0 5
24423 0 1
24423 0 3
24423 0 6
24506 0 2
24506 0 4
24506 0 5
24590 0 3
24590 0 5
24590 0 6
24673 0 1
24673 0 3
24673 0 5
24756 0 2
24756 0 5
24756 0 7
24840 0 3
24840 0 4
24840 0 6
24923 0 3
24923 0 4
24923 0 6
25006 0 2
25006 0 4
25006 0 7
25090 0 1
25090 0 2
25090 0 5
25090 0 6
25173 0 2
25173 0 3
25173 0 5
25173 0 6
25256 0 1
25256 0 2
25256 0 4
25340 0 2
25340 0 5
25340 0 7
25423 0 3
25423 0 4
25423 0 6
25506 0 3
25506 0 4
25506 0 6
25590 0 2
25590 0 4
25590 0 5
25590 0 7
25673 0 4
25673 0 6
25673 0 7
25756 0 1
25756 0 3
25756 0 6
25756 0 7
25840 0 2
25840 0 4
25840 0 5
25923 0 3
25923 0 5
25923 0 7
26006 0 1
26006 0 4
26006 0 5
26090 0 3
26090 0 6
26090 0 7
26173 0 2
26173 0 4
26173 0 5
26256 0 2
26256 0 4
26256 0 5
26340 0 3
26340 0 5
26340 0 7
26423 0 1
26423 0 3
26423 0 6
26423 0 7
26506 0 2
26506 0 4
26506 0 5
26506 0 7
26590 0 3
26590 0 5
26590 0 6
26590 0 7
26673 0 1
26673 0 4
26673 0 5
26673 0 7
26756 0 2
26756 0 6
26756 0 7
26798 0 3
26840 0 2
26840 0 4
26840 0 5
26881 0 3
26923 0 2
26923 0 6
26944 0 5
26965 0 4
26985 0 3
27006 0 2
27006 0 7
27027 0 6
27048 0 5
27069 0 4
27090 0 1
27090 0 3
27090 0 7
27173 0 2
27173 0 4
27173 0 6
27256 0 1
27256 0 3
27256 0 5
27340 0 2
27340 0 4
27340 0 5
27423 0 3
27423 0 5
27423 0 7
27506 0 2
27506 0 5
27506 0 6
27590 0 2
27590 0 5
27590 0 6
27673 0 3
27673 0 4
27673 0 6
27756 0 1
27756 0 3
27756 0 7
27840 0 2
27840 0 4
27840 0 6
27923 0 1
27923 0 3
27923 0 5
28006 0 4
28006 0 5
28006 0 7
28090 0 2
28090 0 5
28090 0 7
28117 0 6
28131 0 3
28145 0 5
28173 0 2
28173 0 4
28215 0 3
28256 0 2
28256 0 4
28256 0 6
28340 0 2
28340 0 5
28340 0 6
28381 0 4
28423 0 1
28423 0 3
28423 0 7
28506 0 3
28506 0 4
28506 0 6
28590 0 1
28590 0 3
28590 0 5
28590 0 7
28673 0 2
28673 0 4
28673 0 5
28673 0 7
28756 0 1
28756 0 3
28756 0 5
28840 0 2
28840 0 4
28840 0 7
28923 0 3
28923 0 4
28923 0 6
28923 0 7
29006 0 1
29006 0 3
29006 0 4
29006 0 5
29090 0 2
29090 0 4
29090 0 5
29090 0 7
29173 0 3
29173 0 4
29173 0 5
29173 0 6
29256 0 1
29256 0 2
29256 0 3
29256 0 5
29340 0 2
29340 0 4
29340 0 6
29340 0 7
29423 0 1
29423 0 3
29423 0 4
29423 0 6
29756 0 1
29756 0 3
29756 0 5
29840 0 1
29840 0 3
29840 0 4
29923 0 2
29923 0 3
29923 0 5
30006 0 3
30006 0 4
30006 0 6
30090 0 2
30090 0 5
30090 0 7
30173 0 3
30173 0 4
30173 0 6
30256 0 2
30256 0 4
30256 0 5
30340 0 2
30340 0 4
30340 0 6
30423 0 1
30423 0 3
30423 0 5
30506 0 1
30506 0 2
30506 0 4
30590 0 2
30590 0 3
30590 0 5
30673 0 3
30673 0 4
30673 0 6
30756 0 2
30756 0 5
30756 0 6
30756 0 7
30840 0 3
30840 0 4
30840 0 6
30840 0 7
30923 0 2
30923 0 5
30923 0 6
30923 0 7
31006 0 3
31006 0 4
31006 0 6
31006 0 7
31090 0 1
31090 0 3
31090 0 5
31173 0 1
31173 0 2
31173 0 4
31256 0 2
31256 0 3
31256 0 5
31340 0 3
31340 0 4
31340 0 6
31423 0 2
31423 0 5
31423 0 7
31506 0 3
31506 0 4
31506 0 6
31590 0 2
31590 0 4
31590 0 5
31673 0 2
31673 0 4
31673 0 6
31756 0 1
31756 0 3
31756 0 5
31840 0 1
31840 0 2
31840 0 4
31923 0 2
31923 0 3
31923 0 6
32006 0 3
32006 0 4
32006 0 5
32090 0 2
32090 0 5
32090 0 6
32131 0 3
32173 0 1
32173 0 4
32173 0 7
32215 0 5
32256 0 2
32256 0 4
32256 0 6
32340 0 3
32340 0 4
32340 0 5
32423 0 1
32423 0 2
32423 0 4
32506 0 2
32506 0 3
32506 0 5
32590 0 3
32590 0 4
32590 0 6
32673 0 2
32673 0 5
32673 0 7
32756 0 3
32756 0 4
32756 0 6
32840 0 2
32840 0 4
32840 0 5
32923 0 2
32923 0 4
32923 0 6
33006 0 1
33006 0 3
33006 0 5
33090 0 1
33090 0 2
33090 0 4
33173 0 2
33173 0 3
33173 0 5
33256 0 3
33256 0 4
33256 0 6
33340 0 2
33340 0 5
33340 0 7
33423 0 3
33423 0 4
33423 0 7
33465 0 6
33506 0 2
33506 0 4
33506 0 5
33590 0 3
33590 0 6
33590 0 7
33631 0 5
33673 0 1
33673 0 3
33673 0 4
33756 0 1
33756 0 2
33756 0 4
33840 0 2
33840 0 3
33840 0 5
33923 0 3
33923 0 4
33923 0 5
33923 0 6
34006 0 2
34006 0 6
34006 0 7
34090 0 3
34090 0 4
34090 0 5
34090 0 6
34173 0 2
34173 0 4
34173 0 5
34256 0 2
34256 0 4
34256 0 5
34256 0 6
34340 0 1
34340 0 3
34340 0 5
34423 0 1
34423 0 2
34423 0 4
34423 0 7
34506 0 2
34506 0 3
34506 0 6
34590 0 3
34590 0 4
34590 0 5
34673 0 2
34673 0 5
34673 0 7
34756 0 3
34756 0 4
34756 0 6
34923 0 2
34923 0 4
34923 0 5
35090 0 1
35090 0 3
35090 0 6
35173 0 2
35173 0 4
35173 0 5
35256 0 3
35256 0 5
35256 0 6
35340 0 1
35340 0 3
35340 0 5
35423 0 2
35423 0 5
35423 0 7
35506 0 3
35506 0 4
35506 0 6
35590 0 3
35590 0 4
35590 0 6
35673 0 2
35673 0 4
35673 0 7
35756 0 1
35756 0 2
35756 0 5
35756 0 6
35840 0 2
35840 0 3
35840 0 5
35840 0 6
35923 0 1
35923 0 2
35923 0 6
36006 0 1
36006 0 2
36006 0 5
36006 0 7
36090 0 3
36090 0 4
36090 0 6
36090 0 7
36173 0 3
36173 0 4
36173 0 6
36173 0 7
36256 0 2
36256 0 5
36256 0 7
36340 0 3
36340 0 4
36340 0 6
36340 0 7
36423 0 1
36423 0 2
36423 0 6
36423 0 7
36506 0 2
36506 0 4
36506 0 5
36590 0 3
36590 0 5
36590 0 7
36673 0 1
36673 0 4
36673 0 5
36756 0 3
36756 0 6
36756 0 7
36840 0 2
36840 0 4
36840 0 5
36923 0 2
36923 0 4
36923 0 5
37006 0 3
37006 0 5
37006 0 7
37090 0 1
37090 0 3
37090 0 6
37090 0 7
37173 0 2
37173 0 4
37173 0 5
37173 0 7
37256 0 3
37256 0 5
37256 0 6
37256 0 7
37340 0 1
37340 0 4
37340 0 5
37340 0 7
37423 0 2
37423 0 6
37423 0 7
37465 0 3
37506 0 2
37506 0 4
37506 0 5
37548 0 3
37590 0 2
37590 0 6
37610 0 5
37631 0 4
37652 0 3
37673 0 2
37673 0 7
37694 0 6
37715 0 5
37735 0 4
37756 0 1
37756 0 3
37756 0 7
37773 0 6
37790 0 5
37806 0 6
37823 0 5
37840 0 2
37840 0 4
37840 0 6
37867 0 3
37895 0 4
37923 0 1
37923 0 3
37923 0 5
37951 0 7
37978 0 6
38006 0 2
38006 0 4
38006 0 5
38090 0 3
38090 0 5
38090 0 7
38173 0 2
38173 0 5
38173 0 6
38256 0 2
38256 0 5
38256 0 6
38284 0 1
38312 0 3
38340 0 2
38340 0 6
38340 0 7
38423 0 1
38423 0 3
38423 0 7
38506 0 2
38506 0 4
38506 0 6
38548 0 5
38590 0 1
38590 0 4
38590 0 6
38673 0 4
38673 0 5
38673 0 7
38756 0 2
38756 0 5
38756 0 7
38784 0 6
38798 0 3
38812 0 5
38840 0 2
38840 0 4
38881 0 3
38923 0 2
38923 0 4
38923 0 6
39006 0 2
39006 0 5
39006 0 6
39048 0 4
39090 0 1
39090 0 3
39090 0 7
39173 0 3
39173 0 4
39173 0 6
39256 0 1
39256 0 3
39256 0 5
39256 0 7
39340 0 2
39340 0 4
39340 0 5
39340 0 7
39423 0 1
39423 0 3
39423 0 5
39506 0 2
39506 0 4
39506 0 7
39590 0 3
39590 0 4
39590 0 6
39590 0 7
39673 0 1
39673 0 3
39673 0 4
39673 0 5
39756 0 2
39756 0 4
39756 0 5
39756 0 7
39840 0 3
39840 0 4
39840 0 5
39840 0 6
39923 0 1
39923 0 2
39923 0 3
39923 0 5
40006 0 2
40006 0 4
40006 0 6
40006 0 7
40090 0 1
40090 0 3
40090 0 4
40090 0 6
40090 0 7
40423 0 1
40423 0 3
40423 0 5
40423 0 6
40423 0 7
40506 0 2
40506 0 4
40590 0 3
40590 0 5
40673 0 2
40673 0 4
40756 0 5
40756 0 7
40840 0 2
40840 0 4
40923 0 3
40923 0 5
41006 0 2
41006 0 4
41090 0 1
41090 0 6
41173 0 2
41173 0 4
41256 0 3
41256 0 5
41340 0 2
41340 0 4
41423 0 5
41423 0 7
41506 0 2
41506 0 4
41590 0 3
41590 0 5
41673 0 2
41673 0 4
41756 0 1
41756 0 6
41840 0 2
41840 0 5
41923 0 3
41923 0 4
42006 0 2
42006 0 5
42090 0 4
42090 0 7
42173 0 2
42173 0 5
42256 0 3
42256 0 4
42340 0 2
42340 0 5
42423 0 1
42423 0 6
42506 0 2
42506 0 5
42590 0 3
42590 0 4
42673 0 2
42673 0 5
42756 0 4
42756 0 7
42840 0 2
42840 0 5
42923 0 3
42923 0 4
43006 0 2
43006 0 5
43090 0 1
43090 0 7
43173 0 2
43173 0 4
43256 0 3
43256 0 5
43340 0 2
43340 0 4
43423 0 5
43423 0 7
43506 0 2
43506 0 4
43590 0 3
43590 0 5
43673 0 2
43673 0 4
43756 0 1
43756 0 6
43840 0 2
43840 0 4
43923 0 3
43923 0 5
44006 0 2
44006 0 4
44090 0 5
44090 0 7
44173 0 2
44173 0 4
44256 0 3
44256 0 5
44340 0 2
44340 0 4
44423 0 1
44423 0 6
44506 0 2
44506 0 5
44590 0 3
44590 0 4
44673 0 2
44673 0 5
44756 0 4
44756 0 7
44840 0 2
44840 0 5
44923 0 3
44923 0 4
45006 0 2
45006 0 5
45090 0 1
45090 0 6
45173 0 2
45173 0 5
45256 0 3
45256 0 4
45340 0 2
45340 0 5
45423 0 4
45423 0 7
45506 0 2
45506 0 5
45590 0 3
45590 0 4
45673 0 2
45673 0 5
45756 0 1
45756 0 6
45840 0 3
45840 0 5
45923 0 2
45923 0 6
46006 0 3
46006 0 4
46090 0 6
46090 0 7
46173 0 2
46173 0 5
46256 0 2
46256 0 5
46340 0 3
46340 0 4
46423 0 1
46423 0 6
46506 0 3
46506 0 5
46590 0 2
46590 0 6
46673 0 3
46673 0 4
46756 0 6
46756 0 7
46840 0 2
46840 0 5
46923 0 2
46923 0 5
47006 0 3
47006 0 4
47090 0 1
47090 0 5
47173 0 2
47173 0 4
47256 0 3
47256 0 7
47340 0 2
47340 0 5
47423 0 4
47423 0 7
47506 0 3
47506 0 5
47590 0 3
47590 0 5
47673 0 4
47673 0 7
47756 0 1
47756 0 5
47840 0 2
47840 0 4
47923 0 3
47923 0 7
48006 0 2
48006 0 5
48090 0 4
48090 0 7
48173 0 3
48173 0 5
48256 0 3
48256 0 5
48340 0 4
48340 0 7
48423 0 2
48423 0 6
48506 0 1
48506 0 4
48590 0 5
48590 0 7
48673 0 2
48673 0 4
48756 0 3
48756 0 7
48840 0 4
48840 0 6
48923 0 2
48923 0 5
49006 0 3
49006 0 4
49090 0 1
49090 0 6
49173 0 2
49173 0 4
49256 0 5
49256 0 7
49340 0 1
49340 0 3
49423 0 2
49423 0 7
49506 0 3
49506 0 6
49590 0 2
49590 0 5
49673 0 3
49673 0 4
49756 0 2
49756 0 6
49840 0 1
49840 0 4
49923 0 5
49923 0 7
50006 0 2
50006 0 4
50090 0 3
50090 0 7
50173 0 4
50173 0 6
50256 0 2
50256 0 5
50340 0 3
50340 0 4
50423 0 1
50423 0 6
50506 0 2
50506 0 4
50590 0 5
50590 0 7
50673 0 1
50673 0 3
50756 0 2
50756 0 7
50840 0 3
50840 0 6
50923 0 2
50923 0 5
51006 0 3
51006 0 4
51090 0 1
51090 0 5
51090 0 6
51090 0 7
51173 0 2
51173 0 4
51256 0 3
51256 0 5
51340 0 2
51340 0 4
51423 0 1
51423 0 5
51423 0 6
51423 0 7
51506 0 2
51506 0 4
51590 0 3
51590 0 5
51673 0 2
51673 0 4
51756 0 1
51756 0 6
51840 0 2
51840 0 4
51923 0 3
51923 0 5
52006 0 2
52006 0 4
52090 0 5
52090 0 7
52173 0 2
52173 0 4
52256 0 3
52256 0 5
52340 0 2
52340 0 4
52423 0 1
52423 0 6
52506 0 2
52506 0 5
52590 0 3
52590 0 4
52673 0 2
52673 0 5
52756 0 4
52756 0 7
52840 0 2
52840 0 5
52923 0 3
52923 0 4
53006 0 2
53006 0 5
53090 0 1
53090 0 6
53173 0 2
53173 0 5
53256 0 3
53256 0 4
53340 0 2
53340 0 5
53423 0 4
53423 0 7
53506 0 2
53506 0 5
53590 0 3
53590 0 4
53673 0 2
53673 0 5
53756 0 1
53756 0 7
53840 0 2
53840 0 4
53923 0 3
53923 0 5
54006 0 2
54006 0 4
54090 0 5
54090 0 7
54173 0 2
54173 0 4
54256 0 3
54256 0 5
54340 0 2
54340 0 4
54423 0 1
54423 0 6
54506 0 2
54506 0 4
54590 0 3
54590 0 5
54673 0 2
54673 0 4
54756 0 5
54756 0 7
54840 0 2
54840 0 4
54923 0 3
54923 0 5
55006 0 2
55006 0 4
55090 0 1
55090 0 6
55173 0 2
55173 0 5
55256 0 3
55256 0 4
55340 0 2
55340 0 5
55423 0 4
55423 0 7
55506 0 2
55506 0 5
55590 0 3
55590 0 4
55673 0 2
55673 0 5
55756 0 1
55756 0 6
55840 0 2
55840 0 5
55923 0 3
55923 0 4
56006 0 2
56006 0 5
56090 0 4
56090 0 7
56173 0 2
56173 0 5
56256 0 3
56256 0 4
56340 0 2
56340 0 5
56423 0 1
56423 0 4
56423 0 6
56506 0 3
56506 0 5
56590 0 2
56590 0 6
56673 0 3
56673 0 4
56756 0 6
56756 0 7
56840 0 2
56840 0 5
56923 0 2
56923 0 5
57006 0 3
57006 0 4
57090 0 1
57090 0 6
57173 0 3
57173 0 5
57256 0 2
57256 0 6
57340 0 3
57340 0 4
57423 0 6
57423 0 7
57506 0 2
57506 0 5
57590 0 2
57590 0 5
57673 0 3
57673 0 4
57756 0 1
57756 0 5
57756 0 6
57840 0 2
57840 0 4
57923 0 3
57923 0 7
58006 0 2
58006 0 5
58090 0 4
58090 0 7
58173 0 3
58173 0 5
58256 0 3
58256 0 5
58340 0 4
58340 0 7
58423 0 1
58423 0 5
58506 0 2
58506 0 4
58590 0 3
58590 0 7
58673 0 2
58673 0 5
58756 0 4
58756 0 7
58840 0 3
58840 0 5
58923 0 3
58923 0 5
59006 0 4
59006 0 7
59090 0 2
59090 0 3
59090 0 6
59173 0 1
59173 0 4
59256 0 5
59256 0 7
59340 0 2
59340 0 4
59423 0 3
59423 0 7
59506 0 4
59506 0 6
59590 0 2
59590 0 5
59673 0 3
59673 0 4
59756 0 1
59756 0 6
59840 0 2
59840 0 4
59923 0 5
59923 0 7
60006 0 1
60006 0 3
60090 0 2
60090 0 4
60090 0 7
60173 0 3
60173 0 6
60256 0 2
60256 0 5
60340 0 3
60340 0 4
60423 0 2
60423 0 5
60423 0 6
60506 0 1
60506 0 4
60590 0 5
60590 0 7
60673 0 2
60673 0 4
60756 0 3
60756 0 7
60840 0 4
60840 0 6
60923 0 2
60923 0 5
61006 0 3
61006 0 4
61090 0 1
61090 0 6
61173 0 2
61173 0 4
61256 0 5
61256 0 7
61340 0 1
61340 0 3
61423 0 2
61423 0 7
61506 0 3
61506 0 6
61590 0 2
61590 0 5
61673 0 3
61673 0 4
61756 0 1
61756 0 2
61756 0 6
62423 0 1
62423 0 2
62756 0 1
62756 0 2
62840 0 1
62840 0 2
62923 0 1
62923 0 2
63090 0 1
63131 0 3
63173 0 5
63215 0 7
63256 0 1
63298 0 3
63340 0 5
63381 0 7
63423 0 2
63465 0 6
63506 0 4
63548 0 1
63590 0 6
63631 0 5
63673 0 4
63715 0 3
63756 0 7
63798 0 5
63840 0 3
63881 0 1
63923 0 7
63965 0 5
64006 0 3
64048 0 1
64090 0 3
64090 0 7
64117 0 6
64145 0 2
64145 0 5
64173 0 4
64201 0 3
64201 0 6
64228 0 2
64256 0 1
64256 0 4
64284 0 5
64284 0 7
64312 0 3
64312 0 6
64340 0 2
64340 0 5
64367 0 4
64395 0 3
64423 0 1
64465 0 2
64506 0 4
64548 0 5
64590 0 6
64631 0 1
64673 0 2
64715 0 4
64756 0 5
64798 0 3
64840 0 1
64881 0 6
64923 0 4
64965 0 2
65006 0 5
65048 0 7
65090 0 2
65131 0 5
65173 0 4
65215 0 3
65256 0 1
65256 0 5
65298 0 3
65340 0 7
65381 0 5
65423 0 3
65423 0 5
65451 0 2
65451 0 6
65478 0 1
65478 0 4
65478 0 7
65506 0 3
65506 0 5
65534 0 2
65534 0 6
65562 0 1
65562 0 4
65562 0 7
65590 0 3
65590 0 5
65617 0 2
65617 0 6
65645 0 1
65645 0 4
65645 0 7
65673 0 3
65673 0 5
65728 0 1
65728 0 7
65756 0 6
65798 0 3
65840 0 7
65867 0 4
65881 0 6
65923 0 5
65965 0 1
65978 0 4
66006 0 2
66048 0 3
66090 0 7
66117 0 4
66131 0 6
66173 0 5
66215 0 1
66228 0 4
66256 0 3
66298 0 7
66340 0 1
66381 0 2
66423 0 4
66465 0 5
66506 0 6
66534 0 5
66548 0 1
66590 0 2
66631 0 4
66673 0 5
66715 0 6
66756 0 7
66784 0 6
66798 0 2
66840 0 4
66881 0 3
66923 0 1
66923 0 6
66965 0 5
67006 0 6
67048 0 2
67090 0 3
67131 0 2
67173 0 7
67201 0 1
67215 0 5
67256 0 3
67298 0 7
67312 0 2
67340 0 6
67381 0 5
67423 0 1
67465 0 2
67506 0 3
67548 0 5
67590 0 2
67590 0 6
67631 0 1
67673 0 2
67673 0 6
67715 0 3
67756 0 2
67756 0 5
67784 0 2
67784 0 5
67798 0 6
67812 0 1
67812 0 6
67840 0 1
67840 0 7
67867 0 2
67867 0 7
67881 0 6
67895 0 2
67895 0 6
67923 0 3
67951 0 3
67951 0 4
67965 0 4
67978 0 5
68006 0 5
68048 0 3
68090 0 1
68090 0 2
68090 0 4
68256 0 3
68256 0 5
68256 0 6
68423 0 1
68423 0 4
68465 0 3
68478 0 6
68506 0 2
68548 0 1
68548 0 4
68590 0 3
68590 0 6
68631 0 2
68673 0 7
68715 0 4
68756 0 6
68798 0 5
68840 0 1
68881 0 3
68895 0 6
68923 0 2
68923 0 5
68951 0 4
68965 0 7
68978 0 3
69006 0 1
69048 0 6
69090 0 2
69117 0 3
69131 0 5
69145 0 4
69173 0 1
69173 0 5
69201 0 6
69215 0 2
69228 0 5
69256 0 3
69298 0 7
69312 0 2
69340 0 3
69340 0 5
69381 0 4
69423 0 1
69451 0 2
69478 0 3
69478 0 6
69506 0 1
69506 0 5
69506 0 7
69534 0 2
69562 0 3
69590 0 1
69590 0 6
69617 0 2
69617 0 4
69617 0 7
69645 0 1
69673 0 2
69673 0 5
69673 0 7
69701 0 6
69728 0 4
69756 0 7
69798 0 6
69840 0 1
69840 0 5
69881 0 2
69881 0 4
69923 0 3
69965 0 2
70006 0 1
70006 0 7
70048 0 6
70090 0 5
70131 0 4
70173 0 3
70215 0 1
70256 0 2
70298 0 3
70298 0 6
70340 0 4
70381 0 5
70423 0 7
70465 0 1
70506 0 2
70506 0 7
70548 0 3
70548 0 6
70590 0 5
70631 0 2
70673 0 4
70715 0 5
70756 0 1
70756 0 5
70756 0 7
70784 0 2
70798 0 3
70798 0 6
70840 0 1
70840 0 4
70840 0 6
70881 0 2
70881 0 5
70923 0 3
70923 0 6
70923 0 7
70951 0 2
70951 0 5
70965 0 4
70978 0 1
70978 0 6
71006 0 3
71006 0 5
71006 0 7
71048 0 2
71048 0 6
71090 0 7
71131 0 4
71173 0 5
71215 0 6
71256 0 1
71298 0 2
71340 0 5
71381 0 6
71423 0 1
71465 0 2
71506 0 5
71548 0 6
71590 0 7
71631 0 4
71673 0 3
71715 0 6
71756 0 5
71798 0 7
71840 0 1
71881 0 2
71923 0 3
71965 0 7
72006 0 5
72048 0 6
72090 0 4
72090 0 7
72117 0 6
72131 0 3
72145 0 5
72173 0 2
72173 0 4
72215 0 1
72228 0 6
72256 0 4
72256 0 5
72298 0 3
72312 0 2
72340 0 1
72340 0 7
72367 0 2
72381 0 5
72423 0 6
72465 0 2
72506 0 1
72548 0 4
72590 0 2
72631 0 3
72673 0 5
72715 0 7
72756 0 3
72756 0 6
72784 0 3
72798 0 1
72812 0 5
72840 0 2
72840 0 5
72867 0 7
72881 0 4
72895 0 7
72923 0 5
72923 0 6
72951 0 6
72965 0 1
72978 0 5
73006 0 3
73006 0 5
73034 0 2
73048 0 4
73062 0 1
73090 0 7
73117 0 3
73131 0 6
73173 0 3
73173 0 5
73215 0 2
73228 0 4
73256 0 3
73256 0 6
73284 0 2
73298 0 5
73312 0 1
73340 0 4
73381 0 5
73423 0 1
73423 0 2
73423 0 3
73756 0 1
73784 0 2
73812 0 6
73840 0 5
73867 0 1
73895 0 2
73923 0 6
73951 0 5
73978 0 1
74006 0 2
74034 0 6
74062 0 5
74090 0 1
74117 0 3
74145 0 7
74173 0 6
74201 0 5
74228 0 4
74256 0 1
74284 0 2
74312 0 6
74340 0 5
74367 0 1
74395 0 4
74423 0 3
74451 0 2
74478 0 1
74506 0 6
74534 0 5
74562 0 3
74590 0 7
74617 0 4
74645 0 6
74673 0 5
74701 0 3
74728 0 2
74728 0 7
74756 0 1
74756 0 6
74784 0 5
74812 0 4
74840 0 3
74840 0 6
74867 0 2
74867 0 5
74895 0 1
74895 0 4
74923 0 3
74923 0 7
74951 0 2
74951 0 6
74978 0 3
74978 0 5
75006 0 2
75006 0 4
75034 0 1
75034 0 3
75090 0 6
75131 0 3
75173 0 7
75201 0 4
75215 0 6
75256 0 5
75298 0 1
75312 0 4
75340 0 2
75381 0 3
75423 0 7
75451 0 4
75465 0 6
75506 0 5
75548 0 1
75562 0 4
75590 0 3
75631 0 7
75673 0 1
75715 0 2
75756 0 4
75798 0 5
75840 0 6
75867 0 5
75881 0 1
75923 0 2
75965 0 4
76006 0 5
76048 0 6
76090 0 5
76090 0 7
76117 0 3
76117 0 6
76131 0 2
76173 0 1
76173 0 4
76173 0 5
76201 0 2
76201 0 6
76215 0 3
76228 0 5
76228 0 7
76256 0 1
76256 0 3
76256 0 6
76284 0 2
76284 0 4
76284 0 7
76298 0 5
76312 0 1
76340 0 3
76340 0 6
76381 0 2
76423 0 3
76465 0 2
76506 0 7
76534 0 1
76548 0 5
76590 0 3
76631 0 7
76645 0 2
76673 0 6
76715 0 5
76756 0 1
76798 0 2
76840 0 3
76881 0 5
76923 0 2
76923 0 6
76965 0 1
77006 0 2
77006 0 6
77048 0 3
77090 0 7
77117 0 6
77131 0 2
77173 0 4
77215 0 3
77256 0 1
77256 0 6
77298 0 5
77340 0 6
77381 0 2
77423 0 3
77465 0 2
77506 0 7
77534 0 1
77548 0 5
77590 0 3
77631 0 7
77645 0 2
77673 0 6
77715 0 5
77756 0 2
77756 0 4
77798 0 1
77798 0 6
77840 0 2
77881 0 3
77923 0 2
77923 0 5
77923 0 7
77965 0 1
78006 0 3
78006 0 6
78048 0 2
78090 0 1
78090 0 4
78090 0 6
78131 0 2
78173 0 5
78215 0 7
78256 0 3
78256 0 5
78256 0 6
78298 0 5
78340 0 2
78340 0 4
78340 0 6
78423 0 2
78423 0 5
78451 0 2
78451 0 5
78465 0 6
78478 0 1
78478 0 6
78506 0 1
78506 0 7
78534 0 2
78534 0 7
78548 0 6
78562 0 2
78562 0 6
78590 0 3
78617 0 3
78617 0 4
78631 0 4
78645 0 5
78673 0 5
78715 0 3
78756 0 1
78756 0 2
78756 0 4
79090 0 1
79131 0 3
79173 0 2
79256 0 1
79298 0 6
79340 0 4
79381 0 5
79423 0 2
79465 0 3
79506 0 5
79548 0 7
79590 0 6
79631 0 5
79673 0 4
79715 0 3
79756 0 1
79756 0 7
79798 0 5
79840 0 3
79840 0 6
79881 0 2
79923 0 4
79951 0 7
79965 0 1
80006 0 2
80006 0 5
80048 0 3
80062 0 6
80090 0 1
80090 0 4
80117 0 2
80117 0 7
80145 0 3
80145 0 6
80173 0 1
80173 0 4
80201 0 2
80201 0 5
80228 0 3
80228 0 4
80256 0 1
80256 0 7
80284 0 2
80284 0 6
80312 0 3
80312 0 4
80340 0 1
80340 0 5
80367 0 3
80367 0 7
80395 0 6
80451 0 2
80478 0 7
80506 0 5
80534 0 3
80562 0 1
80590 0 7
80617 0 6
80645 0 2
80673 0 7
80701 0 6
80728 0 1
80756 0 2
80784 0 3
80812 0 4
80867 0 1
80895 0 5
80923 0 4
80951 0 6
80978 0 3
81006 0 2
81034 0 5
81062 0 4
81090 0 7
81117 0 6
81145 0 2
81173 0 3
81201 0 3
81201 0 4
81228 0 2
81228 0 5
81256 0 1
81284 0 7
81312 0 6
81340 0 5
81367 0 4
81395 0 3
81423 0 1
81423 0 2
81423 0 6
81451 0 1
81451 0 5
81478 0 2
81478 0 6
81506 0 2
81506 0 5
81534 0 3
81534 0 6
81562 0 2
81562 0 3
81562 0 5
81590 0 1
81590 0 4
81590 0 6
81617 0 2
81617 0 4
81617 0 7
81645 0 1
81645 0 5
81673 0 2
81673 0 5
81701 0 3
81701 0 6
81728 0 4
81728 0 6
81756 0 1
81784 0 3
81812 0 5
81840 0 6
81867 0 5
81895 0 7
81923 0 1
81951 0 3
81978 0 5
82006 0 6
82034 0 2
82062 0 4
82090 0 7
82117 0 6
82145 0 5
82173 0 3
82201 0 2
82228 0 1
82256 0 7
82284 0 6
82312 0 3
82312 0 5
82367 0 4
82423 0 5
82478 0 1
82478 0 2
82534 0 5
82562 0 1
82590 0 2
82617 0 3
82645 0 4
82673 0 2
82701 0 7
82728 0 5
82756 0 6
82784 0 2
82812 0 7
82840 0 6
82867 0 4
82895 0 3
82923 0 5
82978 0 6
83006 0 1
83034 0 2
83062 0 3
83090 0 4
83117 0 7
83173 0 4
83201 0 2
83228 0 7
83256 0 6
83284 0 5
83312 0 4
83340 0 1
83367 0 2
83423 0 5
83478 0 4
83534 0 1
83534 0 5
83562 0 2
83562 0 6
83590 0 3
83590 0 7
83645 0 2
83673 0 3
83673 0 5
83728 0 7
83756 0 2
83756 0 6
83784 0 4
83812 0 6
83840 0 2
83867 0 1
83895 0 3
83923 0 5
83951 0 2
83978 0 3
84034 0 4
84090 0 1
84090 0 2
84090 0 3
84090 0 5
84090 0 6
84423 0 1
84423 0 3
84423 0 5
84423 0 6
84423 0 7
84506 0 2
84506 0 4
84590 0 3
84590 0 5
84673 0 2
84673 0 4
84756 0 5
84756 0 7
84840 0 2
84840 0 4
84923 0 3
84923 0 5
85006 0 2
85006 0 4
85090 0 1
85090 0 6
85173 0 2
85173 0 4
85256 0 3
85256 0 5
85340 0 2
85340 0 4
85423 0 5
85423 0 7
85506 0 2
85506 0 4
85590 0 3
85590 0 5
85673 0 2
85673 0 4
85756 0 1
85756 0 6
85840 0 2
85840 0 5
85923 0 3
85923 0 4
86006 0 2
86006 0 5
86090 0 4
86090 0 7
86173 0 2
86173 0 5
86256 0 3
86256 0 4
86340 0 2
86340 0 5
86423 0 1
86423 0 6
86506 0 2
86506 0 5
86590 0 3
86590 0 4
86673 0 2
86673 0 5
86756 0 4
86756 0 7
86840 0 2
86840 0 5
86923 0 3
86923 0 4
87006 0 2
87006 0 5
87090 0 1
87090 0 7
87173 0 2
87173 0 4
87256 0 3
87256 0 5
87340 0 2
87340 0 4
87423 0 5
87423 0 7
87506 0 2
87506 0 4
87590 0 3
87590 0 5
87673 0 2
87673 0 4
87756 0 1
87756 0 6
87840 0 2
87840 0 4
87923 0 3
87923 0 5
88006 0 2
88006 0 4
88090 0 5
88090 0 7
88173 0 2
88173 0 4
88256 0 3
88256 0 5
88340 0 2
88340 0 4
88423 0 1
88423 0 6
88506 0 2
88506 0 5
88590 0 3
88590 0 4
88673 0 2
88673 0 5
88756 0 4
88756 0 7
88840 0 2
88840 0 5
88923 0 3
88923 0 4
89006 0 2
89006 0 5
89090 0 1
89090 0 6
89173 0 2
89173 0 5
89256 0 3
89256 0 4
89340 0 2
89340 0 5
89423 0 4
89423 0 7
89506 0 2
89506 0 5
89590 0 3
89590 0 4
89673 0 2
89673 0 5
89756 0 1
89756 0 6
89840 0 3
89840 0 5
89923 0 2
89923 0 6
90006 0 3
90006 0 4
90090 0 6
90090 0 7
90173 0 2
90173 0 5
90256 0 2
90256 0 5
90340 0 3
90340 0 4
90423 0 1
90423 0 6
90506 0 3
90506 0 5
90590 0 2
90590 0 6
90673 0 3
90673 0 4
90756 0 6
90756 0 7
90840 0 2
90840 0 5
90923 0 2
90923 0 5
91006 0 3
91006 0 4
91090 0 1
91090 0 5
91173 0 2
91173 0 4
91256 0 3
91256 0 7
91340 0 2
91340 0 5
91423 0 4
91423 0 7
91506 0 3
91506 0 5
91590 0 3
91590 0 5
91673 0 4
91673 0 7
91756 0 1
91756 0 5
91840 0 2
91840 0 4
91923 0 3
91923 0 7
92006 0 2
92006 0 5
92090 0 4
92090 0 7
92173 0 3
92173 0 5
92256 0 3
92256 0 5
92340 0 4
92340 0 7
92423 0 2
92423 0 6
92506 0 1
92506 0 4
92590 0 5
92590 0 7
92673 0 2
92673 0 4
92756 0 3
92756 0 7
92840 0 4
92840 0 6
92923 0 2
92923 0 5
93006 0 3
93006 0 4
93090 0 1
93090 0 6
93173 0 2
93173 0 4
93256 0 5
93256 0 7
93340 0 1
93340 0 3
93423 0 2
93423 0 7
93506 0 3
93506 0 6
93590 0 2
93590 0 5
93673 0 3
93673 0 4
93756 0 2
93756 0 6
93840 0 1
93840 0 4
93923 0 5
93923 0 7
94006 0 2
94006 0 4
94090 0 3
94090 0 7
94173 0 4
94173 0 6
94256 0 2
94256 0 5
94340 0 3
94340 0 4
94423 0 1
94423 0 6
94506 0 2
94506 0 4
94590 0 5
94590 0 7
94673 0 1
94673 0 3
94756 0 2
94756 0 7
94840 0 3
94840 0 6
94923 0 2
94923 0 5
95006 0 3
95006 0 4
95090 0 1
95090 0 5
95090 0 6
95090 0 7
95173 0 2
95173 0 4
95256 0 3
95256 0 5
95340 0 2
95340 0 4
95423 0 1
95423 0 5
95423 0 6
95423 0 7
95506 0 2
95506 0 4
95590 0 3
95590 0 5
95673 0 2
95673 0 4
95756 0 1
95756 0 6
95840 0 2
95840 0 4
95923 0 3
95923 0 5
96006 0 2
96006 0 4
96090 0 5
96090 0 7
96173 0 2
96173 0 4
96256 0 3
96256 0 5
96340 0 2
96340 0 4
96423 0 1
96423 0 6
96506 0 2
96506 0 5
96590 0 3
96590 0 4
96673 0 2
96673 0 5
96756 0 4
96756 0 7
96840 0 2
96840 0 5
96923 0 3
96923 0 4
97006 0 2
97006 0 5
97090 0 1
97090 0 6
97173 0 2
97173 0 5
97256 0 3
97256 0 4
97340 0 2
97340 0 5
97423 0 4
97423 0 7
97506 0 2
97506 0 5
97590 0 3
97590 0 4
97673 0 2
97673 0 5
97756 0 1
97756 0 7
97840 0 2
97840 0 4
97923 0 3
97923 0 5
98006 0 2
98006 0 4
98090 0 5
98090 0 7
98173 0 2
98173 0 4
98256 0 3
98256 0 5
98340 0 2
98340 0 4
98423 0 1
98423 0 6
98506 0 2
98506 0 4
98590 0 3
98590 0 5
98673 0 2
98673 0 4
98756 0 5
98756 0 7
98840 0 2
98840 0 4
98923 0 3
98923 0 5
99006 0 2
99006 0 4
99090 0 1
99090 0 6
99173 0 2
99173 0 5
99256 0 3
99256 0 4
99340 0 2
99340 0 5
99423 0 4
99423 0 7
99506 0 2
99506 0 5
99590 0 3
99590 0 4
99673 0 2
99673 0 5
99756 0 1
99756 0 6
99840 0 2
99840 0 5
99923 0 3
99923 0 4
100006 0 2
100006 0 5
100090 0 4
100090 0 7
100173 0 2
100173 0 5
100256 0 3
100256 0 4
100340 0 2
100340 0 5
100423 0 1
100423 0 4
100423 0 6
100506 0 3
100506 0 5
100590 0 2
100590 0 6
100673 0 3
100673 0 4
100756 0 6
100756 0 7
100840 0 2
100840 0 5
100923 0 2
100923 0 5
101006 0 3
101006 0 4
101090 0 1
101090 0 6
101173 0 3
101173 0 5
101256 0 2
101256 0 6
101340 0 3
101340 0 4
101423 0 6
101423 0 7
101506 0 2
101506 0 5
101590 0 2
101590 0 5
101673 0 3
101673 0 4
101756 0 1
101756 0 5
101756 0 6
101840 0 2
101840 0 4
101923 0 3
101923 0 7
102006 0 2
102006 0 5
102090 0 4
102090 0 7
102173 0 3
102173 0 5
102256 0 3
102256 0 5
102340 0 4
102340 0 7
102423 0 1
102423 0 5
102506 0 2
102506 0 4
102590 0 3
102590 0 7
102673 0 2
102673 0 5
102756 0 4
102756 0 7
102840 0 3
102840 0 5
102923 0 3
102923 0 5
103006 0 4
103006 0 7
103090 0 2
103090 0 3
103090 0 6
103173 0 1
103173 0 4
103256 0 5
103256 0 7
103340 0 2
103340 0 4
103423 0 3
103423 0 7
103506 0 4
103506 0 6
103590 0 2
103590 0 5
103673 0 3
103673 0 4
103756 0 1
103756 0 6
103840 0 2
103840 0 4
103923 0 5
103923 0 7
104006 0 1
104006 0 3
104090 0 2
104090 0 4
104090 0 7
104173 0 3
104173 0 6
104256 0 2
104256 0 5
104340 0 3
104340 0 4
104423 0 2
104423 0 5
104423 0 6
104506 0 1
104506 0 4
104590 0 5
104590 0 7
104673 0 2
104673 0 4
104756 0 3
104756 0 7
104840 0 4
104840 0 6
104923 0 2
104923 0 5
105006 0 3
105006 0 4
105090 0 1
105090 0 6
105173 0 2
105173 0 4
105256 0 5
105256 0 7
105340 0 1
105340 0 3
105423 0 2
105423 0 7
105506 0 3
105506 0 6
105590 0 2
105590 0 5
105673 0 3
105673 0 4
105756 0 1
105756 0 3
105756 0 5
105756 0 7
105840 0 5
105840 0 7
105923 0 5
105923 0 7
106090 0 3
106090 0 5
106256 0 3
106256 0 5
106340 0 4
106340 0 6
106423 0 2
106423 0 5
106590 0 2
106590 0 5
106756 0 1
106756 0 4
106923 0 2
106923 0 6
107090 0 5
107090 0 7
107173 0 5
107173 0 7
107256 0 5
107256 0 7
107423 0 2
107423 0 5
107590 0 2
107590 0 5
107673 0 3
107673 0 6
107756 0 2
107756 0 4
107923 0 2
107923 0 4
108006 0 3
108006 0 5
108090 0 1
108090 0 4
108256 0 2
108256 0 3
108423 0 5
108423 0 7
108506 0 5
108506 0 7
108590 0 5
108590 0 7
108756 0 3
108756 0 5
108923 0 3
108923 0 5
109006 0 4
109006 0 6
109090 0 2
109090 0 5
109256 0 2
109256 0 5
109423 0 1
109423 0 4
109590 0 3
109590 0 5
109756 0 1
109756 0 4
109840 0 2
109840 0 5
109923 0 3
109923 0 6
110006 0 1
110006 0 4
110090 0 2
110090 0 5
110173 0 3
110173 0 6
110256 0 4
110256 0 7
110340 0 2
110340 0 5
110423 0 1
110423 0 4
110506 0 2
110506 0 5
110590 0 3
110590 0 6
110673 0 1
110673 0 4
110756 0 3
110756 0 6
110840 0 2
110840 0 4
110923 0 3
110923 0 5
111006 0 4
111006 0 6
111090 0 1
111090 0 3
111090 0 5
111090 0 7
111173 0 5
111173 0 7
111256 0 5
111256 0 7
111423 0 1
111423 0 2
111423 0 3
111423 0 5
111590 0 3
111590 0 5
111673 0 4
111673 0 6
111756 0 2
111756 0 5
111923 0 2
111923 0 5
112090 0 1
112090 0 3
112256 0 2
112256 0 6
112423 0 5
112423 0 7
112506 0 5
112506 0 7
112590 0 5
112590 0 7
112756 0 2
112756 0 5
112923 0 2
112923 0 5
113006 0 3
113006 0 6
113090 0 2
113090 0 4
113256 0 2
113256 0 4
113340 0 3
113340 0 5
113423 0 1
113423 0 4
113590 0 2
113590 0 3
113756 0 1
113756 0 3
113756 0 5
113756 0 7
113840 0 5
113840 0 7
113923 0 5
113923 0 7
114090 0 3
114090 0 5
114256 0 3
114256 0 5
114340 0 4
114340 0 6
114423 0 1
114423 0 2
114423 0 3
114423 0 5
114590 0 3
114590 0 5
114756 0 1
114756 0 4
114923 0 2
114923 0 6
115090 0 1
115090 0 3
115090 0 4
115090 0 7
115173 0 2
115173 0 5
115256 0 3
115256 0 6
115340 0 1
115340 0 4
115423 0 2
115423 0 3
115423 0 5
115423 0 7
115506 0 4
115506 0 6
115590 0 5
115590 0 7
115673 0 2
115673 0 3
115756 0 1
115756 0 4
115756 0 6
115756 0 7
115840 0 2
115840 0 5
115923 0 3
115923 0 6
116006 0 1
116006 0 4
116090 0 2
116090 0 7
116090-116423 0 3
116090-116423 0 6
116423 0 1
116423 0 2
116756 0 4
117090 0 1
117090 0 2
117423 0 1
117423 0 2
117506 0 1
117506 0 2
117590 0 1
117590 0 2
117756 0 2
117756 0 5
117756 0 7
117840 0 2
117840 0 5
117840 0 7
117923 0 4
117923 0 5
117923 0 7
118006 0 4
118090 0 1
118090 0 3
118090 0 5
118173 0 1
118256 0 3
118256 0 5
118256 0 7
118340 0 4
118340 0 6
118340 0 7
118423 0 2
118423 0 3
118423 0 5
118506 0 3
118590 0 2
118590 0 5
118590 0 6
118673 0 6
118756 0 1
118756 0 3
118756 0 4
118756 0 5
118840 0 3
118840 0 4
118923 0 2
118923 0 3
118923 0 4
118923 0 6
119006 0 3
119006 0 4
119090 0 2
119090 0 5
119090 0 7
119173 0 2
119173 0 5
119173 0 7
119256 0 4
119256 0 5
119256 0 7
119340 0 4
119423 0 1
119423 0 2
119423 0 5
119506 0 1
119590 0 2
119590 0 5
119590 0 7
119673 0 3
119673 0 6
119673 0 7
119756 0 2
119756 0 4
119756 0 5
119840 0 5
119923 0 2
119923 0 4
119923 0 6
120006 0 3
120006 0 5
120006 0 6
120090 0 1
120090 0 4
120090 0 6
120090 0 7
120131 0 5
120173 0 6
120215 0 5
120256 0 2
120256 0 3
120256 0 4
120256 0 6
120423 0 2
120423 0 5
120423 0 7
120506 0 2
120506 0 5
120506 0 7
120590 0 4
120590 0 5
120590 0 7
120673 0 4
120756 0 1
120756 0 3
120756 0 5
120840 0 1
120923 0 3
120923 0 5
120923 0 7
121006 0 4
121006 0 6
121006 0 7
121090 0 2
121090 0 3
121090 0 5
121173 0 3
121256 0 2
121256 0 5
121256 0 6
121340 0 6
121423 0 1
121423 0 2
121423 0 4
121465 0 5
121506 0 2
121590 0 3
121590 0 4
121590 0 6
121631 0 5
121673 0 6
121756 0 1
121756 0 4
121756 0 7
121840 0 2
121840 0 5
121923 0 3
121923 0 6
121923 0 7
122006 0 1
122006 0 4
122006 0 7
122090 0 2
122090 0 4
122090 0 5
122173 0 3
122173 0 6
122256 0 1
122256 0 2
122256 0 4
122256 0 7
122340 0 2
122340 0 3
122340 0 5
122423 0 1
122423 0 4
122423 0 6
122423 0 7
122506 0 2
122506 0 5
122590 0 3
122590 0 5
122590 0 6
122673 0 1
122673 0 4
122756 0 3
122756 0 6
122756 0 7
122840 0 2
122840 0 4
122923 0 1
122923 0 3
122923 0 5
123006 0 4
123006 0 6
123090 0 1
123090 0 2
123090 0 5
123090 0 7
123173 0 1
123173 0 5
123173 0 7
123256 0 4
123256 0 5
123256 0 7
123340 0 4
123423 0 2
123423 0 3
123423 0 5
123506 0 2
123590 0 3
123590 0 5
123590 0 7
123673 0 4
123673 0 6
123673 0 7
123756 0 2
123756 0 3
123756 0 5
123840 0 2
123840 0 3
123923 0 1
123923 0 6
124006 0 5
124090 0 1
124090 0 3
124090 0 4
124090 0 5
124090 0 6
124173 0 4
124173 0 5
124173 0 6
124256 0 2
124256 0 3
124256 0 4
124256 0 5
124340 0 1
124340 0 3
124423 0 4
124423 0 5
124423 0 7
124506 0 4
124506 0 5
124506 0 7
124590 0 1
124590 0 5
124590 0 7
124673 0 1
124756 0 2
124756 0 5
124756 0 7
124840 0 7
124923 0 1
124923 0 2
124923 0 5
125006 0 1
125006 0 3
125006 0 6
125090 0 2
125090 0 3
125090 0 4
125173 0 3
125256 0 2
125256 0 5
125256 0 7
125340 0 3
125340 0 6
125340 0 7
125423 0 1
125423 0 4
125423 0 5
125465 0 3
125506 0 5
125548 0 3
125590 0 2
125590 0 5
125590 0 6
125610 0 7
125631 0 1
125631 0 4
125673 0 3
125673 0 5
125715 0 2
125715 0 6
125735 0 4
125756 0 1
125756 0 5
125756 0 7
125840 0 1
125840 0 5
125840 0 7
125923 0 4
125923 0 5
125923 0 7
126006 0 4
126090 0 2
126090 0 3
126090 0 5
126173 0 2
126256 0 3
126256 0 5
126256 0 7
126340 0 4
126340 0 6
126340 0 7
126423 0 2
126423 0 3
126423 0 5
126506 0 2
126590 0 3
126590 0 5
126590 0 6
126673 0 6
126756 0 1
126756 0 4
126756 0 7
126798 0 6
126840 0 5
126881 0 4
126923 0 2
126923 0 3
126923 0 6
127006 0 3
127090 0 1
127090 0 3
127090 0 4
127090 0 7
127173 0 2
127173 0 5
127256 0 3
127256 0 6
127340 0 1
127340 0 4
127423 0 2
127423 0 3
127423 0 5
127423 0 7
127506 0 4
127506 0 6
127590 0 5
127590 0 7
127673 0 2
127673 0 3
127756 0 1
127756 0 4
127756 0 6
127756 0 7
127840 0 2
127840 0 5
127923 0 3
127923 0 6
128006 0 1
128006 0 4
128090 0 2
128090 0 7
128090-128423 0 3
128090-128423 0 6
128423 0 2
128423 0 4
128423 0 5
128423 0 7
128506 0 2
128506 0 4
128506 0 5
128506 0 7
128590 0 4
128590 0 5
128590 0 6
128590 0 7
128673 0 4
128756 0 1
128756 0 3
128756 0 5
128756 0 6
128840 0 1
128923 0 2
128923 0 3
128923 0 5
128923 0 7
129006 0 2
129006 0 4
129006 0 6
129006 0 7
129090 0 1
129090 0 2
129090 0 5
129173 0 2
129256 0 2
129256 0 4
129256 0 5
129256 0 6
129340 0 6
129423 0 1
129423 0 2
129423 0 3
129423 0 4
129423 0 5
129506 0 3
129506 0 4
129590 0 2
129590 0 3
129590 0 4
129590 0 5
129590 0 6
129673 0 3
129673 0 4
129756 0 2
129756 0 5
129756 0 6
129756 0 7
129840 0 2
129840 0 5
129840 0 6
129840 0 7
129923 0 4
129923 0 5
129923 0 6
129923 0 7
130006 0 4
130090 0 1
130090 0 2
130090 0 3
130090 0 5
130173 0 1
130256 0 2
130256 0 4
130256 0 5
130256 0 7
130340 0 3
130340 0 5
130340 0 6
130340 0 7
130423 0 2
130423 0 3
130423 0 4
130423 0 5
130506 0 5
130590 0 1
130590 0 2
130590 0 4
130590 0 6
130673 0 3
130673 0 4
130673 0 5
130673 0 6
130756 0 1
130756 0 3
130756 0 4
130756 0 6
130756 0 7
130798 0 5
130840 0 6
130881 0 5
130923 0 1
130923 0 2
130923 0 3
130923 0 4
130923 0 6
131090 0 2
131090 0 4
131090 0 5
131090 0 7
131173 0 2
131173 0 4
131173 0 5
131173 0 7
131256 0 4
131256 0 5
131256 0 7
131340 0 4
131423 0 1
131423 0 3
131423 0 5
131423 0 6
131506 0 1
131590 0 2
131590 0 3
131590 0 5
131590 0 7
131673 0 3
131673 0 4
131673 0 6
131673 0 7
131756 0 1
131756 0 2
131756 0 3
131756 0 5
131840 0 3
131923 0 2
131923 0 4
131923 0 5
131923 0 6
132006 0 6
132090 0 1
132090 0 2
132090 0 3
132090 0 4
132131 0 5
132173 0 2
132256 0 2
132256 0 3
132256 0 4
132256 0 6
132298 0 5
132340 0 6
132381 0 7
132423 0 1
132423 0 3
132423 0 4
132506 0 2
132506 0 4
132506 0 5
132590 0 3
132590 0 5
132590 0 6
132590 0 7
132673 0 1
132673 0 2
132673 0 4
132673 0 7
132756 0 2
132756 0 3
132756 0 4
132756 0 5
132840 0 3
132840 0 4
132840 0 6
132923 0 1
132923 0 2
132923 0 4
132923 0 5
132923 0 7
133006 0 1
133006 0 2
133006 0 5
133090 0 1
133090 0 2
133090 0 3
133090 0 4
133090 0 6
133090 0 7
133173 0 1
133173 0 4
133173 0 5
133256 0 3
133256 0 5
133256 0 6
133256 0 7
133340 0 1
133340 0 3
133340 0 4
133423 0 3
133423 0 5
133423 0 6
133423 0 7
133506 0 2
133506 0 3
133506 0 4
133590 0 1
133590 0 3
133590 0 4
133590 0 5
133673 0 4
133673 0 5
133673 0 6
133756 0 1
133756 0 2
133756 0 4
133756 0 5
133756 0 7
133840 0 1
133840 0 4
133840 0 5
133840 0 7
133923 0 3
133923 0 4
133923 0 5
133923 0 7
134006 0 4
134090 0 2
134090 0 3
134090 0 5
134090 0 6
134173 0 2
134256 0 1
134256 0 3
134256 0 5
134256 0 7
134340 0 3
134340 0 4
134340 0 6
134340 0 7
134423 0 1
134423 0 2
134423 0 3
134423 0 5
134423 0 6
134506 0 2
134506 0 3
134590 0 1
134590 0 4
134590 0 6
134673 0 5
134756 0 1
134756 0 2
134756 0 3
134756 0 4
134756 0 5
134756 0 7
134840 0 4
134840 0 5
134840 0 7
134923 0 2
134923 0 3
134923 0 4
134923 0 5
134923 0 6
135006 0 1
135006 0 3
135090 0 4
135090 0 5
135090 0 6
135090 0 7
135173 0 4
135173 0 5
135173 0 6
135173 0 7
135256 0 1
135256 0 3
135256 0 4
135256 0 5
135256 0 7
135340 0 1
135423 0 2
135423 0 3
135423 0 5
135423 0 7
135506 0 7
135590 0 1
135590 0 3
135590 0 4
135590 0 5
135673 0 1
135673 0 4
135673 0 5
135673 0 6
135756 0 1
135756 0 2
135756 0 3
135756 0 4
135840 0 3
135923 0 2
135923 0 4
135923 0 5
135923 0 7
136006 0 3
136006 0 5
136006 0 6
136006 0 7
136090 0 1
136090 0 2
136090 0 4
136090 0 5
136131 0 3
136173 0 5
136194 0 3
136215 0 2
136235 0 1
136256 0 4
136256 0 5
136277 0 6
136298 0 7
136319 0 4
136340 0 3
136340 0 5
136360 0 2
136360 0 4
136360 0 6
136381 0 1
136381 0 5
136402 0 3
136423 0 2
136423 0 5
136423 0 6
136423 0 7
136444 0 1
136465 0 2
136485 0 3
136506 0 4
136506 0 5
136506 0 7
136527 0 1
136548 0 3
136569 0 2
136590 0 4
136590 0 5
136590 0 7
136645 0 5
136701 0 6
136756 0 2
136756 0 3
136756 0 4
136756 0 5
136840 0 2
136923 0 1
136923 0 3
136923 0 5
136923 0 7
136944 0 4
136965 0 5
136985 0 6
137006 0 1
137006 0 2
137006 0 4
137006 0 7
137048 0 6
137090 0 1
137090 0 2
137090 0 3
137090 0 5
137131 0 6
137173 0 3
137215 0 4
137256 0 1
137256 0 2
137256 0 5
137256 0 6
137340 0 6
137423 0 1
137423 0 2
137423 0 4
137423 0 7
137465 0 5
137478 0 3
137506 0 6
137534 0 2
137548 0 4
137590 0 2
137590 0 3
137590 0 5
137590 0 6
137673 0 3
137756 0 1
137756 0 2
137756 0 3
137756 0 4
137756 0 6
137756 0 7
137840 0 3
137840 0 4
137840 0 5
137923 0 4
137923 0 5
137923 0 6
138006 0 1
138006 0 2
138006 0 4
138090 0 2
138090 0 3
138090 0 5
138090 0 7
138173 0 2
138173 0 4
138173 0 6
138256 0 1
138256 0 3
138256 0 5
138256 0 7
138340 0 2
138340 0 3
138340 0 5
138423 0 1
138423 0 3
138423 0 4
138423 0 6
138423 0 7
138506 0 2
138506 0 3
138506 0 5
138590 0 2
138590 0 3
138590 0 4
138590 0 5
138590 0 6
138673 0 1
138673 0 3
138673 0 4
138756 0 2
138756 0 7
138756-139089 0 3
138756-139089 0 6
