###FILE ALREADY PARSED###
BPM 101940 60
BPM 1140 120
BPM 29940 72
BPM 64590 144
1140-1440 0 2
1140-1440 0 6
1440-1740 0 3
1440-1740 0 5
1740-2040 0 4
2040-2340 0 3
2040-2340 0 5
2340 0 1
2340 0 5
2340 0 7
2490 0 2
2490 0 7
2565 0 6
2640 0 1
2640 0 3
2640 0 5
2715 0 2
2790 0 4
2790 0 7
2865 0 6
2940 0 1
2940 0 3
2940 0 5
3015 0 2
3090 0 4
3090 0 6
3165 0 5
3240 0 1
3240 0 4
3240 0 7
3315 0 2
3390 0 3
3390 0 6
3465 0 4
3540 0 1
3540 0 3
3615 0 5
3690 0 7
3765 0 5
3840 0 1
3840 0 3
3915 0 5
3990 0 7
4065 0 5
4140 0 1
4140 0 3
4215 0 5
4290 0 7
4365 0 5
4440 0 1
4440 0 4
4515 0 7
4590 0 1
4590 0 5
4665 0 3
4740 0 1
4740 0 5
4740 0 7
4815 0 3
4890 0 5
4890 0 7
4965 0 2
5040 0 1
5040 0 3
5040 0 5
5115 0 4
5190 0 5
5190 0 7
5265 0 3
5340 0 1
5340 0 5
5340 0 7
5415 0 4
5490 0 3
5490 0 5
5565 0 6
5640 0 1
5640 0 3
5640 0 5
5715 0 2
5790 0 5
5790 0 7
5865 0 3
5940 0 1
5940 0 4
5940 0 5
5940 0 7
6165 0 4
6165 0 5
6240 0 1
6240 0 7
6390 0 2
6390 0 3
6540 0 1
6540 0 4
6540 0 5
6540 0 7
7140 0 1
7140 0 5
7140 0 7
7215 0 2
7290 0 5
7290 0 7
7365 0 4
7440 0 1
7440 0 3
7440 0 5
7515 0 2
7590 0 5
7590 0 7
7665 0 4
7740 0 1
7740 0 3
7740 0 5
7815 0 6
7890 0 2
7890 0 4
7965 0 5
8040 0 1
8040 0 3
8040 0 7
8115 0 4
8190 0 3
8190 0 6
8265 0 4
8340 0 1
8340 0 2
8340 0 5
8340 0 6
8565 0 1
8565 0 2
8565 0 5
8565 0 6
8790 0 1
8790 0 2
8790 0 4
8790 0 5
8940 0 1
8940 0 2
8940 0 5
8940 0 6
9540 0 1
9540 0 3
9540 0 6
9690 0 6
9840 0 4
9990 0 6
10140 0 1
10140 0 2
10140 0 6
10290 0 1
10290 0 2
10290 0 5
10440 0 1
10440 0 2
10440 0 4
10590 0 3
10740 0 3
10740 0 4
10965 0 3
10965 0 4
11190 0 4
11190 0 5
11340 0 5
11340 0 6
11490 0 5
11490 0 6
11640 0 1
11640 0 7
11715 0 3
11715 0 5
11790 0 1
11790 0 7
11865 0 3
11865 0 5
11940 0 1
11940 0 6
12240 0 1
12240 0 6
12540 0 1
12540 0 4
12690 0 4
12840 0 1
12990 0 6
13140 0 1
13140 0 3
13290 0 3
13440 0 1
13590 0 5
13740 0 1
13890 0 3
14040 0 1
14190 0 1
14340 0 1
14340 0 4
14640 0 1
14640 0 4
14940 0 1
14940 0 4
15090 0 3
15240 0 1
15240 0 4
15390 0 6
15540 0 1
15540 0 3
15690 0 1
15690 0 3
15690 0 6
15990 0 1
15990 0 3
15990 0 5
16290 0 1
16290 0 3
16290 0 5
16590 0 1
16590 0 3
16590 0 4
16740 0 1
16740 0 3
16740 0 6
17040 0 1
17040 0 6
17340 0 1
17340 0 4
17490 0 4
17640 0 1
17790 0 6
17940 0 1
17940 0 3
17940 0 5
18090 0 5
18240 0 1
18390 0 6
18540 0 1
18690 0 3
18840 0 1
18840 0 3
19140 0 1
19140 0 3
19140 0 4
19440 0 1
19440 0 4
19740 0 1
19740 0 3
19740 0 4
19890 0 2
20040 0 1
20040 0 4
20190 0 7
20340 0 5
20490 0 5
20640 0 3
20790 0 5
20940 0 7
21090 0 5
21240 0 3
21390 0 1
21540 0 1
21540 0 3
21540 0 4
21540 0 7
21690 0 4
21840 0 1
21840 0 3
21840 0 7
21990 0 2
22140 0 1
22140 0 3
22140 0 5
22290 0 3
22290 0 5
22440 0 1
22440 0 4
22590 0 3
22590 0 7
22740 0 1
22740 0 5
22890 0 5
23040 0 1
23190 0 7
23340 0 1
23490 0 3
23640 0 1
23790 0 1
23940 0 1
23940 0 4
23940 0 6
24090 0 4
24240 0 1
24240 0 3
24240 0 6
24390 0 4
24540 0 1
24540 0 4
24540 0 6
24690 0 3
24690 0 5
24840 0 1
24840 0 4
24840 0 6
24990 0 3
24990 0 7
25140 0 1
25290 0 6
25440 0 1
25590 0 5
25740 0 1
25890 0 5
26040 0 1
26190 0 1
26190 0 4
26265 0 2
26340 0 1
26340 0 3
26340 0 4
26340 0 7
26490 0 4
26640 0 1
26640 0 3
26640 0 6
26640 0 7
26790 0 2
26940 0 1
26940 0 3
26940 0 5
26940 0 6
27090 0 1
27090 0 3
27090 0 5
27090 0 6
27240 0 4
27390 0 1
27390 0 3
27390 0 6
27390 0 7
27540 0 1
27540 0 5
27540 0 6
27690 0 1
27690 0 5
27690 0 6
27990 0 1
27990 0 6
27990 0 7
28290 0 1
28290 0 3
28290 0 6
28440 0 1
28515 0 3
28590 0 5
28665 0 7
28740 0 1
28740 0 4
28740 0 6
28890 0 1
28890 0 6
29040 0 1
29040 0 3
29040 0 7
29077 0 6
29115 0 5
29152 0 4
29190 0 3
29227 0 2
29265 0 3
29302 0 2
29340 0 1
29340 0 4
29340 0 6
29490 0 1
29490 0 3
29490 0 6
29640 0 1
29640 0 4
29677 0 2
29715 0 3
29752 0 4
29790 0 5
29827 0 6
29865 0 5
29902 0 6
40740 0 3
41340 0 1
41940 0 3
42540 0 4
43140 0 5
44940 0 4
45540 0 5
46140 0 3
46740 0 5
47340 0 7
47940 0 3
49740 0 5
49740 0 7
50340 0 4
50340 0 6
52140 0 4
52140 0 6
52740 0 3
52740 0 5
54540 0 3
54540 0 5
55140 0 2
55140 0 4
55740 0 1
55740 0 3
56340 0 2
56340 0 4
56940 0 4
56940 0 6
57540 0 3
57540 0 5
61140 0 4
61140 0 6
63840 0 4
64140 0 4
64440 0 4
64740 0 1
64740 0 5
64740 0 7
64815 0 4
64815 0 6
64890 0 5
64890 0 7
64965 0 2
64965 0 4
65040 0 1
65040 0 5
65040 0 7
65115 0 4
65115 0 6
65190 0 3
65190 0 5
65265 0 2
65265 0 4
65340 0 1
65340 0 5
65340 0 7
65415 0 4
65415 0 6
65490 0 5
65490 0 7
65565 0 2
65565 0 4
65640 0 1
65640 0 3
65640 0 5
65715 0 2
65715 0 4
65790 0 4
65790 0 6
65865 0 5
65865 0 7
65940 0 1
65940 0 4
65940 0 6
66015 0 3
66015 0 5
66090 0 4
66090 0 6
66165 0 2
66165 0 4
66240 0 1
66240 0 5
66240 0 7
66315 0 4
66315 0 6
66390 0 3
66390 0 5
66465 0 2
66465 0 4
66540 0 1
66540 0 3
66540 0 5
66615 0 4
66615 0 6
66690 0 3
66690 0 5
66765 0 5
66765 0 7
66840 0 1
66840 0 2
66840 0 4
66915 0 3
66915 0 5
66990 0 1
66990 0 2
66990 0 4
67065 0 5
67065 0 7
67140 0 1
67140 0 4
67140 0 6
67215 0 3
67215 0 5
67290 0 4
67290 0 6
67365 0 2
67365 0 4
67440 0 1
67440 0 5
67440 0 7
67515 0 4
67515 0 6
67590 0 3
67590 0 5
67665 0 2
67665 0 4
67740 0 1
67740 0 5
67740 0 7
67815 0 4
67815 0 6
67890 0 5
67890 0 7
67965 0 2
67965 0 4
68040 0 1
68040 0 3
68040 0 5
68115 0 4
68115 0 6
68190 0 3
68190 0 5
68265 0 5
68265 0 7
68340 0 1
68340 0 4
68340 0 6
68415 0 3
68415 0 5
68490 0 4
68490 0 6
68565 0 3
68565 0 5
68640 0 1
68640 0 5
68640 0 7
68715 0 4
68715 0 6
68790 0 3
68790 0 5
68865 0 2
68865 0 4
68940 0 1
68940 0 3
68940 0 5
69015 0 4
69015 0 6
69090 0 3
69090 0 5
69165 0 4
69165 0 6
69240 0 2
69240 0 4
69315 0 3
69315 0 5
69390 0 2
69390 0 4
69465 0 5
69465 0 7
69540 0 1
69540 0 2
69540 0 3
69540 0 5
69615 0 2
69615 0 6
69690 0 3
69690 0 5
69765 0 4
69765 0 6
69840 0 1
69840 0 3
69840 0 7
69915 0 4
69915 0 6
69990 0 3
69990 0 5
70065 0 5
70065 0 7
70140 0 1
70140 0 3
70140 0 5
70215 0 2
70215 0 6
70290 0 3
70290 0 5
70365 0 4
70365 0 6
70440 0 1
70440 0 3
70440 0 7
70515 0 2
70515 0 6
70590 0 3
70590 0 5
70665 0 4
70665 0 6
70740 0 1
70740 0 3
70740 0 5
70815 0 2
70815 0 6
70890 0 3
70890 0 7
70965 0 4
70965 0 6
71040 0 1
71040 0 3
71040 0 5
71115 0 2
71115 0 4
71190 0 3
71190 0 5
71265 0 4
71265 0 6
71340 0 1
71340 0 3
71340 0 7
71415 0 4
71415 0 6
71490 0 3
71490 0 5
71565 0 2
71565 0 4
71640 0 1
71640 0 3
71640 0 7
71715 0 2
71715 0 4
71790 0 3
71790 0 5
71865 0 2
71865 0 6
71940 0 1
71940 0 3
71940 0 5
72015 0 2
72015 0 6
72090 0 3
72090 0 5
72165 0 4
72165 0 6
72240 0 1
72240 0 3
72240 0 5
72315 0 2
72315 0 6
72390 0 3
72390 0 5
72465 0 4
72465 0 6
72540 0 1
72540 0 3
72540 0 5
72615 0 2
72615 0 6
72690 0 3
72690 0 5
72765 0 4
72765 0 6
72840 0 1
72840 0 3
72840 0 5
72915 0 2
72915 0 6
72990 0 3
72990 0 5
73065 0 4
73065 0 6
73140 0 1
73140 0 3
73215 0 2
73215 0 4
73290 0 3
73290 0 5
73365 0 4
73365 0 6
73440 0 2
73440 0 4
73515 0 3
73515 0 5
73590 0 4
73590 0 6
73665 0 5
73665 0 7
73740 0 1
73740 0 3
73815 0 2
73815 0 4
73890 0 3
73890 0 5
73965 0 4
73965 0 6
74040 0 2
74040 0 4
74115 0 3
74115 0 5
74190 0 4
74190 0 6
74265 0 5
74265 0 7
74340 0 1
74340 0 3
74340 0 6
74415 0 4
74490 0 6
74565 0 2
74640 0 1
74640 0 7
74715 0 5
74790 0 4
74865 0 2
74940 0 1
74940 0 6
75015 0 4
75090 0 6
75165 0 2
75240 0 1
75240 0 3
75315 0 4
75390 0 5
75465 0 6
75540 0 1
75540 0 5
75615 0 3
75690 0 5
75765 0 2
75840 0 1
75840 0 7
75915 0 6
75990 0 5
76065 0 3
76140 0 1
76140 0 2
76215 0 4
76290 0 3
76365 0 5
76440 0 1
76440 0 4
76515 0 6
76590 0 1
76590 0 5
76665 0 7
76740 0 1
76740 0 6
76815 0 4
76890 0 6
76965 0 2
77040 0 1
77040 0 7
77115 0 5
77190 0 4
77265 0 2
77340 0 1
77340 0 6
77415 0 4
77490 0 6
77565 0 2
77640 0 1
77640 0 3
77715 0 4
77790 0 5
77865 0 6
77940 0 1
77940 0 7
78015 0 5
78090 0 7
78165 0 3
78240 0 1
78240 0 7
78315 0 5
78390 0 4
78465 0 2
78540 0 1
78540 0 3
78615 0 4
78690 0 3
78765 0 5
78840 0 4
78915 0 6
78990 0 5
79065 0 7
79140 0 1
79140 0 2
79140 0 6
79215 0 4
79290 0 6
79365 0 2
79440 0 1
79440 0 7
79515 0 5
79590 0 4
79665 0 2
79740 0 1
79740 0 6
79815 0 4
79890 0 6
79965 0 2
80040 0 1
80040 0 3
80115 0 4
80190 0 5
80265 0 6
80340 0 1
80340 0 2
80340 0 7
80415 0 5
80490 0 7
80565 0 3
80640 0 1
80640 0 7
80715 0 5
80790 0 4
80865 0 3
80940 0 1
80940 0 2
81015 0 4
81090 0 3
81165 0 5
81240 0 1
81240 0 4
81315 0 6
81390 0 5
81465 0 7
81540 0 1
81540 0 4
81615 0 3
81615 0 6
81690 0 2
81690 0 5
81765 0 3
81765 0 7
81840 0 1
81840 0 4
81915 0 3
81915 0 6
81990 0 2
81990 0 5
82065 0 3
82065 0 7
82140 0 1
82140 0 4
82215 0 3
82215 0 6
82290 0 2
82290 0 5
82365 0 3
82365 0 7
82440 0 1
82440 0 4
82515 0 3
82515 0 6
82590 0 2
82590 0 5
82665 0 4
82665 0 7
82740 0 1
82815 0 2
82890 0 4
82965 0 5
83040 0 1
83115 0 2
83190 0 4
83265 0 6
83340 0 1
83415 0 3
83490 0 5
83565 0 6
83640 0 1
83715 0 3
83790 0 5
83865 0 7
83940 0 1
83940 0 6
84015 0 2
84090 0 5
84165 0 3
84240 0 1
84240 0 6
84315 0 2
84390 0 5
84465 0 3
84540 0 1
84540 0 7
84615 0 3
84690 0 6
84765 0 4
84840 0 1
84840 0 7
84915 0 3
84990 0 6
85065 0 4
85140 0 1
85140 0 7
85215 0 2
85290 0 5
85365 0 3
85440 0 1
85440 0 6
85515 0 2
85590 0 5
85665 0 3
85740 0 1
85740 0 7
85815 0 3
85890 0 6
85965 0 4
86040 0 1
86040 0 7
86115 0 3
86190 0 1
86190 0 6
86265 0 4
86340 0 1
86340 0 7
86415 0 3
86490 0 6
86565 0 4
86640 0 1
86640 0 7
86715 0 3
86790 0 6
86865 0 4
86940 0 1
86940 0 6
87015 0 2
87090 0 5
87165 0 3
87240 0 1
87240 0 6
87315 0 2
87390 0 5
87465 0 3
87540 0 1
87540 0 7
87615 0 3
87690 0 6
87765 0 4
87840 0 1
87840 0 7
87915 0 3
87990 0 6
88065 0 4
88140 0 1
88140 0 6
88215 0 2
88290 0 5
88365 0 3
88440 0 1
88440 0 6
88515 0 2
88590 0 5
88665 0 3
88740 0 1
88740 0 7
88815 0 4
88890 0 6
88965 0 3
89040 0 1
89040 0 7
89115 0 4
89190 0 6
89265 0 3
89340 0 1
89340 0 7
89415 0 4
89490 0 6
89565 0 3
89640 0 1
89640 0 7
89715 0 4
89790 0 6
89865 0 3
89940 0 1
89940 0 6
90015 0 3
90090 0 5
90165 0 2
90240 0 1
90240 0 6
90315 0 3
90390 0 5
90465 0 2
90540 0 1
90540 0 6
90615 0 3
90690 0 5
90765 0 2
90840 0 1
90840 0 6
90915 0 3
90990 0 5
91065 0 2
91140 0 1
91140 0 7
91215 0 3
91290 0 6
91365 0 4
91440 0 1
91440 0 7
91515 0 3
91590 0 6
91665 0 4
91740 0 1
91740 0 7
91815 0 3
91890 0 6
91965 0 4
92040 0 1
92040 0 7
92115 0 3
92190 0 6
92265 0 4
92490 0 3
92790 0 5
93090 0 3
93390 0 5
93540 0 1
93540 0 3
93540 0 7
93690 0 5
93840 0 1
93840 0 3
93990 0 2
94140 0 1
94140 0 3
94140 0 5
94140 0 7
94290 0 5
94440 0 1
94440 0 3
94590 0 5
94740 0 1
94740 0 4
94740 0 6
94890 0 5
95040 0 1
95040 0 3
95190 0 2
95190 0 4
95340 0 1
95340 0 3
95340 0 6
95490 0 5
95640 0 1
95640 0 3
95790 0 1
95790 0 5
95940 0 1
95940 0 5
95940 0 7
96090 0 5
96240 0 1
96240 0 3
96390 0 5
96390 0 7
96540 0 1
96540 0 3
96690 0 5
96690 0 7
96840 0 1
96840 0 3
96990 0 5
97140 0 1
97140 0 3
97140 0 7
97290 0 2
97290 0 6
97440 0 1
97440 0 3
97590 0 5
97740 0 1
97740 0 3
97740 0 6
97890 0 2
98040 0 1
98040 0 3
98040 0 6
98190 0 1
98190 0 5
98265 0 2
98340 0 1
98340 0 3
98340 0 7
98640 0 1
98640 0 2
98640 0 3
98640 0 5
98790 0 4
98940 0 1
98940 0 2
98940 0 3
98940 0 5
98940 0 7
99090 0 1
99090 0 2
99090 0 3
99240 0 5
99240 0 7
99390 0 1
99390 0 2
99390 0 3
99540 0 1
99540 0 2
99540 0 4
99540 0 6
99690 0 1
99690 0 2
99690 0 3
99840 0 2
99840 0 6
99990 0 1
99990 0 2
99990 0 3
100140 0 5
100140 0 7
100290 0 1
100290 0 2
100290 0 3
100440 0 2
100440 0 6
100590 0 1
100590 0 3
100665 0 2
100740 0 1
100740 0 3
100740 0 5
100890 0 1
100890 0 3
101040 0 1
101040 0 3
101077 0 2
101115 0 3
101152 0 4
101190 0 5
101227 0 6
101265 0 4
101302 0 6
101340 0 5
101340 0 7
101490 0 5
101490 0 7
101640 0 5
101640 0 7
101677 0 6
101715 0 1
101715 0 5
101752 0 2
101752 0 4
101790 0 3
101790 0 6
101815 0 5
101827 0 1
101840 0 4
101865 0 2
101902 0 3
102540 0 6
103140 0 5
104940 0 5
105540 0 4
107340 0 4
107940 0 3
108540 0 1
109140 0 3
109740 0 5
110340 0 4
