###FILE ALREADY PARSED###
BPM 32550 0
BPM 32716.67 240
BPM 32800 0
BPM 32883.33 240
BPM 32966.67 0
BPM 33050 240
BPM 33133.33 0
BPM 33216.67 240
BPM 33300 0
BPM 33383.33 240
BPM 33466.67 0
BPM 33550 240
BPM 33633.33 0
BPM 33716.67 120
BPM 550 120
550 0 6
883 0 3
1216 0 5
1550 0 2
1716 0 6
2050 0 6
2383 0 3
2550 0 7
2883 0 3
3216 0 6
3550 0 3
3883 0 5
4216 0 2
4383 0 6
4716 0 6
5050 0 3
5216 0 5
5550 0 7
5883 0 6
6216 0 5
6550 0 3
6883 0 5
7050 0 6
7383 0 6
7716 0 3
8050 0 3
8216 0 6
8383 0 2
8550 0 7
8883 0 5
9216 0 3
9550 0 4
9716 0 2
10050 0 5
10216 0 3
10550 0 1
10883 0 3
11216 0 1
11216 0 5
11550 0 2
11883 0 4
12216 0 5
12383 0 6
12716 0 6
13050 0 1
13383 0 2
13550 0 3
13716 0 5
13883 0 6
14216 0 2
14550 0 4
14883 0 7
15050 0 5
15383 0 4
15716 0 3
16050 0 3
16216 0 5
16383 0 6
16550 0 7
16883 0 2
17216 0 5
17550 0 3
17716 0 6
18050 0 5
18383 0 3
18716 0 3
18883 0 6
19050 0 3
19216 0 5
19550 0 2
19883 0 4
20216 0 2
20383 0 7
20716 0 7
20883 0 5
21216 0 3
21550 0 5
21883-23216 0 2
21883-23216 0 6
23216 0 4
23550 0 1
23550 0 4
23883 0 4
24216 0 1
24216 0 4
24550 0 4
24883 0 1
24883 0 4
25216 0 4
25550 0 1
25550 0 4
25883 0 4
26216 0 1
26216 0 4
26550 0 4
26883 0 1
26883 0 4
27216 0 4
27550 0 1
27550 0 4
27883 0 6
28050 0 7
28133 0 5
28216 0 3
28550 0 2
28550 0 4
28550 0 6
28883 0 4
28883 0 7
29216 0 4
29550 0 4
29550 0 7
29883 0 4
30216 0 4
30216 0 7
30550 0 4
30883 0 4
30883 0 7
31216 0 4
31550 0 4
31550 0 7
31883 0 4
32216 0 4
32216 0 7
32550-33716 0 2
33883 0 6
34050 0 2
34216 0 3
34383 0 2
34550 0 5
34716 0 3
34883 0 2
35050 0 6
35216 0 4
35383 0 6
35550 0 4
35716 0 3
35883 0 7
36050 0 4
36216 0 3
36383 0 4
36550 0 6
36716 0 4
36883 0 3
37050 0 2
37216 0 5
37383 0 3
37550 0 2
37716 0 6
37883 0 2
38050 0 6
38216 0 4
38383 0 3
38550 0 5
38716 0 3
38883 0 7
39050 0 3
39216 0 1
39216 0 6
39383 0 3
39550 0 5
39716 0 2
39883 0 3
40050 0 2
40216 0 5
40383 0 6
40550 0 2
40716 0 6
40883 0 4
41050 0 3
41216 0 4
41383 0 3
41550 0 6
41716 0 2
41883 0 7
42050 0 4
42216 0 5
42383 0 4
42550 0 3
42716 0 1
42883 0 4
43050 0 2
43216 0 1
43383 0 5
43550 0 3
43716 0 4
43883 0 1
44050 0 3
44216 0 6
44550 0 1
44550 0 5
44883 0 2
45216 0 4
45550 0 5
45716 0 6
46050 0 6
46383 0 1
46716 0 2
46883 0 3
47050 0 4
47216 0 5
47550 0 2
47883 0 4
48216 0 7
48383 0 5
48716 0 4
49050 0 3
49383 0 3
49550 0 5
49716 0 6
49883 0 1
49883 0 7
50216 0 2
50550 0 5
50883 0 3
51050 0 6
51216 0 1
51383 0 5
51716 0 2
52050 0 2
52216 0 6
52383 0 2
52550 0 1
52550 0 7
52883 0 3
53216 0 1
53216 0 5
53550 0 3
53716 0 7
53883 0 1
54050 0 1
54050 0 7
54216 0 5
54550 0 3
54883 0 6
55216-56550 0 1
55216-56550 0 2
55383 0 7
55550 0 7
55716 0 3
55883 0 6
56133 0 6
56383 0 6
56716 0 7
56883 0 7
57050 0 3
57216 0 6
57466 0 6
57716 0 6
58050 0 5
58216 0 5
58383 0 2
58550 0 3
58800 0 3
59050 0 3
59383 0 5
59550 0 5
59716 0 2
59883 0 7
60216 0 5
60383 0 4
60716 0 6
60883 0 6
61050 0 3
61216 0 7
61466 0 7
61716 0 7
62050 0 5
62216 0 5
62383 0 3
62550 0 4
62800 0 4
63050 0 4
63383 0 6
63550 0 6
63716 0 3
63883 0 7
64133 0 7
64383 0 7
64716 0 4
64883 0 4
65050 0 1
65216 0 3
65383 0 4
65550 0 3
65550 0 5
65716 0 3
65716 0 6
65883 0 1
65883 0 7
66216 0 3
66550 0 4
66883 0 5
67050 0 6
67383 0 6
67716 0 1
68050 0 1
68216 0 3
68383 0 5
68550 0 6
68883 0 2
69216 0 4
69550 0 5
69716 0 6
70050 0 6
70383 0 1
70716 0 1
70883 0 3
71050 0 4
71216 0 1
71216 0 2
71216 0 6
71550 0 3
71550 0 5
71883 0 2
71883 0 6
72216 0 3
72216 0 5
72550 0 1
72550 0 2
72550 0 6
72883 0 3
72883 0 5
73216 0 2
73216 0 6
73550 0 3
73550 0 5
73883 0 1
73883 0 2
73883 0 6
74216 0 2
74216 0 6
74550 0 1
74550 0 2
74550 0 6
74883 0 2
74883 0 6
75216 0 1
75216 0 2
75216 0 6
75383 0 2
75383 0 6
75550 0 1
75550 0 2
75550 0 6
75716 0 2
75716 0 6
75883 0 1
75883 0 4
75883 0 7
76050 0 1
76050 0 7
76216 0 1
76216 0 4
76216 0 7
76383 0 1
76383 0 7
76550 0 5
76883 0 3
77216 0 5
77550 0 7
77716 0 6
78050 0 5
78383 0 4
78716 0 4
78883 0 5
79050 0 6
79216 0 1
79216 0 2
79383 0 5
79550 0 1
79550 0 7
79716 0 4
79883 0 1
79883 0 6
80216 0 1
80216 0 5
80550 0 1
80550 0 4
80883 0 1
80883 0 3
81050 0 5
81216 0 1
81383 0 6
81550 0 1
81716 0 4
81883 0 1
82050 0 5
82216 0 1
82216 0 7
82383 0 4
82550 0 1
82550 0 6
82883 0 1
82883 0 5
83216 0 1
83216 0 4
83550 0 1
83550 0 3
83716 0 5
83883 0 1
84050 0 6
84216 0 1
84383 0 6
84550 0 1
84550 0 2
84716 0 5
84883 0 1
84883 0 7
85050 0 4
85216 0 1
85216 0 6
85550 0 1
85550 0 5
85883 0 1
85883 0 2
85883 0 4
86050 0 1
86050 0 2
86050 0 3
86216 0 5
86383 0 1
86383 0 2
86383 0 7
86716 0 6
86883 0 1
86883 0 2
86883 0 5
87050 0 4
87216 0 1
87216 0 2
87216 0 5
87550 0 3
87883 0 4
88216 0 1
88216 0 7
88383 0 6
88716 0 5
88883 0 1
89050 0 4
89383 0 4
89550 0 1
89550 0 5
89716 0 6
89883 0 1
89883 0 2
90050 0 5
90216 0 1
90216 0 7
90383 0 4
90550 0 1
90550 0 6
90883 0 1
90883 0 5
91216 0 1
91216 0 4
91550 0 1
91550 0 3
91716 0 4
91883 0 1
92050 0 6
92216 0 1
92383 0 5
92550 0 1
92716 0 4
92883 0 1
92883 0 6
93050 0 3
93216 0 1
93216 0 5
93383 0 4
93550 0 1
93550 0 5
93716 0 6
93883 0 1
93883 0 7
94216 0 1
94216 0 4
94383 0 6
94550 0 1
94716 0 7
94883 0 1
95050 0 5
95216 0 1
95216 0 2
95383 0 4
95550 0 1
95550 0 6
95716 0 4
95883 0 1
95883 0 6
96050 0 4
96216 0 1
96216 0 5
96383 0 6
96550 0 1
96550 0 2
96550 0 7
96883 0 1
96883 0 5
97050 0 4
97216 0 1
97383 0 4
97550 0 1
97550 0 6
97716 0 4
97883 0 1
97883 0 2
97883 0 7
98050 0 3
98216 0 1
98216 0 5
98383 0 7
98550 0 1
98550 0 2
98716 0 4
98883 0 1
98883 0 6
99050 0 4
99216 0 1
99216 0 2
99216 0 5
99383 0 1
99383 0 2
99383 0 3
99550 0 5
99716 0 3
99883 0 7
100050 0 6
100216 0 5
100383 0 4
100550 0 1
100550 0 2
100550 0 6
100883 0 3
101216 0 5
101550 0 2
101716 0 6
102050 0 6
102383 0 3
102550 0 7
102883 0 3
103216 0 6
103550 0 3
103883 0 5
104216 0 2
104383 0 6
104716 0 6
105050 0 3
105216 0 5
105550 0 7
105883 0 6
106216 0 5
106550 0 3
106883 0 5
107050 0 6
107383 0 6
107716 0 3
108050 0 3
108216 0 6
108383 0 2
108550 0 7
108883 0 5
109216 0 3
109550 0 4
109716 0 2
110050 0 5
110216 0 3
110550 0 1
110883 0 3
