###FILE ALREADY PARSED###
BPM 1112.98 240
BPM 1195.8600000000001 0
BPM 1278.73 240
BPM 1361.6 0
BPM 1444.48 240
BPM 1527.35 0
BPM 1610.22 240
BPM 1695.95 0
BPM 1764.54 120
BPM 450 0
1775 0 6
2107 0 6
2438 0 6
2604 0 5
2770 0 4
2936 0 3
3101 0 4
3101-3599 0 1
3433 0 7
3599-4096 0 1
3764 0 5
5753-6251 0 4
6251-6748 0 4
7079 0 6
7411 0 6
7742 0 6
7908 0 5
8074 0 4
8240 0 3
8405 0 4
8405-8903 0 2
8737 0 7
8903-9400 0 2
9068 0 5
9731 0 1
9731 0 3
10063 0 1
10063 0 3
10394 0 1
10394 0 3
10560 0 2
10726 0 3
10891 0 4
11057 0 3
11223 0 6
11389 0 5
11554 0 4
11720 0 7
11969 0 4
12135 0 4
12383 0 1
12383 0 5
12383 0 7
12715 0 1
12715 0 5
12715 0 7
13046 0 1
13046 0 5
13046 0 7
13212 0 4
13212 0 6
13378 0 1
13378 0 3
13378 0 5
13543 0 2
13543 0 4
13709 0 1
13709 0 3
13709 0 5
14041 0 1
14041 0 5
14041 0 7
14372 0 1
14372 0 2
14372 0 4
14704 0 4
15035 0 1
15035 0 3
15035 0 7
15367 0 1
15367 0 3
15367 0 7
15698 0 1
15698 0 3
15698 0 7
15864 0 2
15864 0 4
16030 0 3
16030 0 5
16030 0 7
16195 0 4
16195 0 6
16361 0 3
16361 0 5
16361 0 7
16527 0 4
16527 0 6
16693 0 3
16693 0 5
16693 0 7
16858 0 2
16858 0 4
17024 0 1
17024 0 3
17024 0 7
17190 0 2
17190 0 6
17356 0 3
17356 0 5
17521 0 2
17521 0 6
17687 0 1
17687 0 5
17687 0 7
18019 0 1
18019 0 5
18019 0 7
18350 0 1
18350 0 5
18350 0 7
18516 0 4
18516 0 6
18682 0 1
18682 0 3
18682 0 5
18847 0 2
18847 0 4
19013 0 1
19013 0 3
19013 0 5
19179 0 3
19179 0 5
19345 0 1
19345 0 5
19345 0 7
19676 0 1
19676 0 4
19676 0 6
20008 0 4
20339 0 1
20339 0 3
20339 0 7
20670 0 7
20671 0 1
20671 0 3
21002 0 1
21002 0 3
21002 0 7
21168 0 2
21168 0 4
21333 0 3
21333 0 5
21333 0 7
21499 0 4
21499 0 6
21665 0 3
21665 0 5
21665 0 7
21831 0 4
21831 0 6
21996 0 3
21996 0 5
22162 0 2
22162 0 4
22328 0 5
22328 0 7
22494 0 4
22659 0 4
22991 0 1
22991 0 5
22991 0 7
23322 0 1
23322 0 5
23322 0 7
23654 0 1
23654 0 5
23654 0 7
23820 0 4
23820 0 6
23985 0 1
23985 0 3
23985 0 5
24151 0 2
24151 0 4
24317 0 1
24317 0 3
24317 0 5
24648 0 1
24648 0 5
24648 0 7
24980 0 1
24980 0 2
24980 0 4
25311 0 4
25643 0 1
25643 0 3
25643 0 7
25974 0 1
25974 0 3
25974 0 7
26306 0 1
26306 0 3
26306 0 7
26472 0 2
26472 0 4
26637 0 3
26637 0 5
26637 0 7
26803 0 4
26803 0 6
26969 0 3
26969 0 5
26969 0 7
27135 0 4
27135 0 6
27300 0 3
27300 0 5
27300 0 7
27466 0 2
27466 0 4
27632 0 1
27632 0 3
27632 0 7
27798 0 2
27798 0 6
27963 0 3
27963 0 5
28129 0 2
28129 0 6
28295 0 1
28295 0 5
28295 0 7
28626 0 1
28626 0 5
28626 0 7
28958 0 1
28958 0 5
28958 0 7
29124 0 4
29124 0 6
29289 0 1
29289 0 3
29289 0 5
29455 0 2
29455 0 4
29621 0 1
29621 0 3
29621 0 5
29787 0 3
29787 0 5
29952 0 1
29952 0 5
29952 0 7
30284 0 1
30284 0 4
30284 0 6
30615 0 4
30947 0 3
30947 0 5
31278 0 3
31278 0 5
31610 0 3
31610 0 5
31775 0 2
31775 0 6
31941 0 3
31941 0 5
32107 0 2
32107 0 6
32273 0 1
32273 0 7
32438 0 3
32438 0 5
32604 0 2
32604 0 6
32770 0 3
32770 0 5
32936 0 1
32936 0 4
32936 0 7
33599 0 3
33599 0 6
33709 0 2
33764 0 7
33820 0 1
33930 0 3
33930 0 6
34041 0 2
34096 0 7
34151 0 1
34262 0 3
34262 0 6
34372 0 2
34427 0 7
34483 0 1
34593 0 3
34593 0 6
34704 0 2
34759 0 7
34814 0 1
34925 0 2
34925 0 5
34925-35422 0 4
35035 0 6
35090 0 1
35146 0 7
35256 0 2
35256 0 5
35367 0 6
35422 0 1
35422-35919 0 4
35477 0 7
35588 0 2
35588 0 5
35698 0 6
35753 0 1
35809 0 7
35919 0 2
35919 0 5
36030 0 6
36085 0 1
36140 0 7
36251 0 4
36251 0 6
36361 0 2
36416 0 7
36472 0 1
36582 0 4
36582 0 6
36693 0 2
36748 0 7
36803 0 1
36914 0 4
36914 0 6
37024 0 2
37079 0 7
37135 0 1
37245 0 4
37245 0 6
37356 0 2
37411 0 7
37466 0 1
37577 0 2
37577 0 4
37577-38074 0 5
37687 0 6
37742 0 1
37798 0 7
37908 0 2
37908 0 4
38019 0 6
38074 0 1
38074-38571 0 5
38129 0 7
38240 0 2
38240 0 4
38350 0 6
38405 0 1
38461 0 7
38571 0 2
38571 0 4
38682 0 6
38737 0 1
38792 0 7
38903 0 3
38903 0 6
39013 0 2
39068 0 7
39124 0 1
39234 0 3
39234 0 6
39345 0 2
39400 0 7
39455 0 1
39566 0 3
39566 0 6
39676 0 2
39731 0 7
39787 0 1
39897 0 3
39897 0 6
40008 0 2
40063 0 7
40118 0 1
40229 0 2
40229 0 5
40229-40726 0 3
40339 0 6
40394 0 1
40450 0 7
40560 0 2
40560 0 5
40671 0 6
40726 0 1
40726-41223 0 3
40781 0 7
40891 0 2
40891 0 5
41002 0 6
41057 0 1
41112 0 7
41223 0 2
41223 0 5
41333 0 6
41389 0 1
41444 0 7
41554 0 4
41554 0 6
41665 0 2
41720 0 7
41775 0 1
41886 0 4
41886 0 6
41996 0 2
42052 0 7
42107 0 1
42217 0 4
42217 0 6
42328 0 2
42383 0 7
42438 0 1
42549 0 4
42549 0 6
42659 0 2
42715 0 7
42770 0 1
42880 0 2
42880 0 4
42991 0 6
43046 0 1
43101 0 7
43212 0 2
43212 0 4
43322 0 6
43378 0 1
43433 0 7
43543 0 2
43543 0 4
43654 0 6
43709 0 1
43764 0 7
43875 0 2
43875 0 4
43985 0 6
44041 0 1
44096 0 7
44206 0 3
44372 0 5
44538 0 3
44704 0 5
44869 0 3
45035 0 5
45201 0 3
45367 0 5
45532 0 2
45698 0 6
45864 0 2
46030 0 6
46195 0 2
46361 0 6
46527 0 2
46693 0 6
46858 0 3
47024 0 5
47190 0 3
47356 0 5
47521 0 3
47687 0 5
47853 0 3
48019 0 5
48184 0 1
48350 0 7
48516 0 1
48682 0 7
48847 0 1
49013 0 7
49179 0 1
49345 0 7
49510 0 1
49676 0 4
49842 0 1
50008 0 4
50173 0 1
50339 0 4
50505 0 1
50670 0 4
50836 0 1
51002 0 5
51168 0 1
51333 0 5
51499 0 1
51665 0 5
51831 0 1
51996 0 5
52162 0 4
52328 0 4
52494 0 4
52659 0 4
52825 0 3
52908 0 5
52991 0 3
53074 0 5
53157 0 3
53240 0 5
53322 0 3
53405 0 5
53488 0 1
53571 0 2
53654 0 3
53737 0 4
53820 0 5
53903 0 6
53985 0 7
54317 0 3
54317 0 5
54483 0 3
54483 0 5
54814 0 1
54814 0 4
54814 0 5
55146 0 5
55477 0 5
55643 0 4
55809 0 3
55974 0 4
56140 0 5
56140-56637 0 1
56140-56637 0 2
56472 0 7
56637-57135 0 1
56637-57135 0 2
56803 0 5
57466 0 2
57798 0 2
58129 0 2
58295 0 3
58461 0 4
58626 0 5
58792 0 4
58792-59289 0 1
58792-59289 0 2
58958 0 6
59124 0 5
59289 0 4
59289-59787 0 6
59289-59787 0 7
59455 0 3
60118 0 5
60450 0 5
60781 0 5
60947 0 4
61112 0 3
61278 0 4
61444 0 5
61444-61941 0 1
61444-61941 0 3
61610 0 5
61775 0 7
61941-62438 0 1
61941-62438 0 3
62107 0 5
62770 0 2
63101 0 2
63433 0 2
63599 0 3
63764 0 4
63930 0 5
64096 0 4
64262 0 6
64427 0 5
64593 0 4
64759 0 7
65008 0 3
65008 0 5
65173 0 3
65173 0 5
65422 0 1
65422 0 6
65422 0 7
65588 0 2
65670 0 4
65753 0 5
65753 0 7
65836 0 4
65919 0 2
65919 0 7
66085 0 4
66085 0 6
66251 0 1
66251 0 7
66416 0 3
66416 0 5
66582 0 4
66748 0 1
66748 0 3
66748 0 6
67079 0 2
67079 0 7
67411 0 1
67411 0 4
67742 0 2
67825 0 3
67908 0 5
67908 0 7
68074 0 1
68074 0 4
68074 0 6
68240 0 2
68240 0 5
68322 0 3
68405 0 4
68405 0 6
68571 0 2
68571 0 7
68737 0 2
68737 0 4
68903 0 1
68903 0 3
68903 0 5
68903 0 7
69068 0 4
69068 0 6
69234 0 2
69234 0 5
69400 0 1
69400 0 4
69400 0 6
69566 0 2
69566 0 7
69731 0 6
69897 0 2
69897 0 3
69897 0 5
69897 0 7
70063 0 4
70229 0 1
70229 0 2
70394 0 3
70477 0 5
70560 0 2
70560 0 3
70560 0 7
70643 0 5
70726 0 1
70726 0 2
70726 0 4
70726 0 7
70891 0 2
70891 0 4
70974 0 6
71057 0 1
71057 0 3
71057 0 7
71140 0 5
71223 0 2
71223 0 7
71389 0 1
71389 0 4
71389 0 7
71554 0 2
71554 0 3
71554 0 6
71720 0 1
71720 0 4
71720 0 5
71886 0 2
71886 0 4
72052 0 1
72052 0 3
72052 0 5
72217 0 2
72217 0 5
72383 0 1
72383 0 7
72549 0 2
72549 0 4
72715 0 1
72715 0 5
72715 0 7
72880 0 1
72880 0 3
73046 0 6
73212 0 2
73378 0 1
73378 0 4
73378 0 7
73543 0 1
73543 0 3
73543 0 7
73709 0 1
73709 0 4
73709 0 7
73792 0 5
73875 0 2
73875 0 3
73875 0 7
74041 0 1
74041 0 4
74041 0 6
74124 0 3
74206 0 1
74206 0 2
74206 0 5
74206 0 7
74289 0 3
74372 0 1
74372 0 4
74372 0 6
74455 0 3
74538 0 1
74538 0 5
74538 0 7
74621 0 3
74704 0 2
74704 0 6
74869 0 4
74869 0 7
75035 0 3
75035 0 6
75201 0 2
75201 0 5
75367 0 3
75367 0 6
75615 0 4
75781 0 4
76030 0 1
76030 0 5
76030 0 7
76195 0 3
76361 0 1
76361 0 5
76361 0 7
76527 0 3
76693 0 1
76693 0 5
76693 0 7
76858 0 4
76858 0 6
77024 0 1
77024 0 3
77024 0 5
77190 0 2
77190 0 4
77356 0 1
77356 0 3
77356 0 5
77521 0 2
77687 0 1
77687 0 5
77687 0 7
77853 0 3
78019 0 1
78019 0 2
78019 0 4
78184 0 3
78350 0 4
78516 0 5
78682 0 1
78682 0 3
78682 0 7
78847 0 5
79013 0 1
79013 0 3
79013 0 7
79179 0 5
79345 0 1
79345 0 3
79345 0 7
79510 0 2
79510 0 4
79676 0 3
79676 0 5
79676 0 7
79842 0 4
79842 0 6
80008 0 3
80008 0 5
80008 0 7
80173 0 4
80173 0 6
80339 0 3
80339 0 5
80339 0 7
80505 0 2
80505 0 4
80670 0 1
80670 0 3
80670 0 7
80836 0 2
80836 0 6
81002 0 3
81002 0 5
81168 0 2
81168 0 6
81333 0 1
81333 0 5
81333 0 7
81499 0 3
81665 0 1
81665 0 5
81665 0 7
81831 0 3
81996 0 1
81996 0 5
81996 0 7
82162 0 4
82162 0 6
82328 0 1
82328 0 3
82328 0 5
82494 0 2
82494 0 4
82659 0 1
82659 0 3
82659 0 5
82825 0 3
82825 0 5
82991 0 1
82991 0 5
82991 0 7
83157 0 2
83322 0 1
83322 0 4
83322 0 6
83488 0 2
83654 0 4
83820 0 6
83985 0 1
83985 0 3
83985 0 7
84151 0 5
84317 0 1
84317 0 3
84317 0 7
84483 0 5
84648 0 1
84648 0 3
84648 0 7
84814 0 2
84814 0 4
84980 0 3
84980 0 5
84980 0 7
85146 0 4
85146 0 6
85311 0 3
85311 0 5
85477 0 4
85477 0 6
85643 0 3
85643 0 5
85809 0 2
85809 0 4
85974 0 5
85974 0 7
86140 0 4
86306 0 4
86472 0 3
86472 0 5
86637 0 1
86637 0 4
86637 0 6
86803 0 3
86969 0 1
86969 0 4
86969 0 6
87135 0 3
87300 0 1
87300 0 4
87300 0 6
87466 0 2
87466 0 5
87632 0 1
87632 0 3
87632 0 6
87798 0 2
87798 0 5
87963 0 1
87963 0 4
87963 0 7
88129 0 5
88295 0 1
88295 0 3
88295 0 6
88461 0 5
88626 0 1
88626 0 4
88626 0 7
88792 0 6
88958 0 1
88958 0 4
88958 0 7
89124 0 3
89289 0 1
89289 0 5
89289 0 7
89455 0 3
89621 0 1
89621 0 5
89621 0 7
89787 0 3
89952 0 1
89952 0 5
89952 0 7
90118 0 4
90118 0 6
90284 0 1
90284 0 3
90284 0 5
90450 0 2
90450 0 4
90615 0 1
90615 0 3
90615 0 5
90781 0 4
90781 0 6
90947 0 1
90947 0 3
90947 0 5
91112 0 2
91112 0 4
91278 0 1
91278 0 3
91444 0 6
91610 0 4
91775 0 2
91941 0 4
91941 0 6
91941 0 7
92107 0 2
92273 0 4
92273 0 6
92273 0 7
92438 0 2
92604 0 4
92604 0 6
92604 0 7
92770 0 1
92770 0 3
92936 0 2
92936 0 4
92936 0 7
93101 0 3
93101 0 5
93267 0 1
93267 0 4
93267 0 7
93433 0 4
93433 0 7
93599 0 1
93599 0 5
93599 0 7
93764 0 4
93930 0 1
93930 0 6
93930 0 7
94096 0 4
94262 0 1
94262 0 6
94262 0 7
94427 0 4
94593 0 3
94593 0 5
94759 0 2
94759 0 6
94925 0 3
94925 0 5
95090 0 2
95090 0 6
95256 0 3
95256 0 5
95422 0 1
95422 0 7
95588 0 2
95588 0 6
95753 0 3
95753 0 5
95919 0 4
96085 0 3
96085 0 5
96251 0 2
96251 0 6
96416 0 3
96416 0 5
96582-97079 0 1
96582-97079 0 4
96582-97079 0 7
96748 0 2
96748 0 6
96914 0 2
96914 0 6
97245 0 1
97245 0 3
97245 0 5
97245 0 7
