###FILE ALREADY PARSED###
BPM 760 60
BPM 40655.29 0
BPM 43796.65 240
BPM 44110.79 24
BPM 44424.92 60
BPM 44739.06 96
BPM 54791.41 120
BPM 85890.89 96
BPM 87147.44 120
BPM 111414.45 0
BPM 111492.98 240
BPM 111571.52 120
BPM 111650.05 0
BPM 111728.59 240
BPM 111807.12 120
BPM 111885.65 0
BPM 111964.19 240
BPM 112042.72 120
BPM 112671 0
BPM 112749.53 240
BPM 112828.06 120
BPM 112906.6 0
BPM 112985.13 240
BPM 113063.67 120
BPM 113142.2 0
BPM 113220.73 240
BPM 113299.27 120
BPM 115105.55 144
BPM 115419.69 156
BPM 115733.82 168
BPM 116047.96 180
BPM 116362.09 192
BPM 116676.23 204
BPM 116990.37 216
BPM 117304.5 228
BPM 117618.64 0
BPM 120131.73 240
BPM 120288.8 120
BPM 169451.1 60
BPM 188613.4 84
BPM 188927.54 96
BPM 189241.68 120
BPM 214451.1 0
BPM 214529.63 240
BPM 214608.17 120
BPM 214686.7 0
BPM 214765.24 240
BPM 214843.77 120
BPM 214922.3 0
BPM 215000.84 240
BPM 215079.37 120
BPM 215707.64 0
BPM 215786.18 240
BPM 215808.62 240
BPM 215853.49 120
BPM 215943.25 0
BPM 216021.78 240
BPM 216100.31 120
BPM 216178.85 0
BPM 216257.38 240
BPM 216335.92 120
BPM 244215.5 0
BPM 245786.18 240
BPM 245864.71 120
BPM 245943.25 0
BPM 246100.31 240
BPM 246178.85 120
BPM 246257.38 0
BPM 246414.45 240
BPM 246492.98 120
BPM 246571.52 0
BPM 246728.59 240
BPM 246807.12 120
BPM 246885.65 0
BPM 247042.72 240
BPM 247121.26 120
BPM 247199.79 0
BPM 247356.86 240
BPM 247435.39 120
15838 0 3
15838 0 5
17095 0 3
17095 0 5
18351 0 3
18351 0 5
18979 0 3
18979 0 5
19294 0 3
19294 0 5
19608 0 3
19608 0 5
20864 0 4
21178 0 4
21492 0 4
21807 0 4
22121 0 4
22435 0 4
22749 0 4
23063 0 4
23377 0 4
23691 0 4
24006 0 4
24320 0 4
24634 0 4
24948 0 4
25262 0 4
25576 0 4
25890 0 4
26205 0 4
26519 0 4
26833 0 4
27147 0 4
27461 0 4
27775 0 4
28089 0 4
28403 0 4
28718 0 4
29032 0 4
29346 0 4
29974 0 4
30288 0 4
30602 0 4
30917 0 3
31074 0 5
31231 0 3
31388 0 5
31545 0 3
31702 0 5
31859 0 3
32016 0 5
32173 0 3
32330 0 5
32487 0 3
32644 0 5
32801 0 3
32958 0 5
33116 0 3
33273 0 5
33430 0 3
33587 0 5
33744 0 3
33901 0 5
34058 0 3
34215 0 5
34372 0 3
34529 0 5
34686 0 3
34843 0 5
35000 0 3
35157 0 5
35314 0 3
35472 0 5
35629 0 3
35786 0 5
35943 0 3
35943 0 7
35943 0 1
36100 0 5
36257 0 3
36414 0 5
36571 0 3
36728 0 5
36885 0 3
37042 0 5
37199 0 3
37199 0 1
37199 0 7
37356 0 5
37513 0 3
37671 0 5
37828 0 3
37985 0 5
38142 0 3
38299 0 5
38456 0 1
38456 0 7
38456 0 3
38613 0 5
38770 0 3
38927 0 5
39084 0 3
39084 0 1
39084 0 7
39241 0 5
39398 0 3
39398 0 1
39398 0 7
39712 0 1
39712 0 7
40027 0 4
40341 0 4
40655 0 4
44739 0 4
44739 0 7
44896 0 3
44896 0 6
45053 0 2
45053 0 5
45210 0 6
45210 0 3
45524 0 7
45524 0 4
45681 0 6
45681 0 3
45838 0 5
45838 0 2
45995 0 3
45995 0 6
46309 0 5
46309 0 2
46623 0 3
46623 0 6
46938 0 5
46938 0 2
47252 0 7
47252 0 4
47409 0 6
47409 0 3
47566 0 5
47566 0 2
47723 0 6
47723 0 3
48037 0 7
48037 0 4
48194 0 3
48194 0 6
48351 0 5
48351 0 2
48508 0 3
48508 0 6
48822 0 5
48822 0 2
49136 0 3
49136 0 6
49451 0 2
49451 0 5
49608 0 4
49608 0 7
49922 0 5
49922 0 3
50079 0 4
50079 0 2
50236 0 5
50236 0 3
50550 0 7
50550 0 4
50707 0 3
50707 0 5
50864 0 4
50864 0 2
51021 0 5
51021 0 3
51335 0 6
51335 0 4
51650 0 7
51650 0 5
51964 0 6
51964 0 4
52121 0 6
52121 0 4
52749 0 5
52749 0 3
52906 0 5
52906 0 3
53377 0 4
53377 0 2
53534 0 4
53534 0 2
54320 0 4
54320 0 1
54477 0 5
54477 0 2
54634 0 6
54634 0 3
54791 0 1
54791 0 4
54791 0 7
54948 0 6
54948 0 3
54948 0 2
55105 0 1
55105 0 2
55105 0 5
55262 0 4
55262 0 6
55262 0 3
55419 0 2
55576 0 4
55576 0 7
55576 0 1
55733 0 2
55733 0 6
55733 0 3
55890 0 1
55890 0 5
55890 0 2
56047 0 6
56047 0 3
56047 0 4
56205 0 1
56362 0 2
56362 0 5
56519 0 1
56676 0 6
56676 0 3
56833 0 1
56990 0 2
56990 0 5
57147 0 3
57304 0 1
57304 0 7
57304 0 4
57461 0 2
57461 0 6
57461 0 3
57618 0 2
57618 0 5
57618 0 1
57775 0 4
57775 0 6
57775 0 3
57932 0 2
58089 0 4
58089 0 7
58089 0 1
58246 0 2
58246 0 3
58246 0 6
58403 0 2
58403 0 5
58403 0 1
58561 0 6
58561 0 3
58561 0 4
58718 0 1
58875 0 2
58875 0 5
59032 0 1
59189 0 6
59189 0 3
59346 0 1
59503 0 5
59503 0 2
59660 0 3
59660 0 4
59660 0 7
59817 0 1
59974 0 2
59974 0 5
59974 0 3
60131 0 1
60131 0 4
60131 0 2
60288 0 3
60288 0 5
60288 0 2
60445 0 1
60602 0 3
60602 0 7
60602 0 4
60760 0 2
60760 0 3
60760 0 5
60917 0 2
60917 0 4
60917 0 1
61074 0 3
61074 0 5
61074 0 2
61231 0 1
61388 0 4
61388 0 6
61388 0 3
61545 0 2
61702 0 5
61702 0 7
61702 0 4
61859 0 3
62016 0 4
62016 0 6
62016 0 2
62173 0 4
62173 0 6
62173 0 2
62330 0 1
62487 0 2
62644 0 4
62801 0 1
62801 0 5
62801 0 3
62958 0 1
62958 0 5
62958 0 3
63116 0 7
63273 0 6
63430 0 1
63430 0 4
63430 0 2
63587 0 2
63587 0 4
63587 0 1
63744 0 5
63901 0 6
64058 0 7
64215 0 5
64372 0 2
64372 0 4
64372 0 1
64529 0 3
64529 0 5
64529 0 2
64686 0 6
64686 0 4
64686 0 3
66100 0 3
66100 0 4
66100 0 7
66178 0 2
66178 0 5
66257 0 1
66257 0 7
66335 0 2
66335 0 5
66414 0 3
66414 0 4
66414 0 6
66492 0 2
66492 0 5
66571 0 1
66571 0 6
66650 0 2
66650 0 5
66728 0 7
66728 0 4
66728 0 3
66807 0 2
66807 0 6
66885 0 1
66885 0 5
66964 0 2
66964 0 6
67042 0 7
67042 0 4
67042 0 3
67121 0 2
67121 0 5
67199 0 1
67199 0 7
67278 0 2
67278 0 5
67356 0 3
67356 0 4
67356 0 7
67435 0 2
67435 0 5
67513 0 1
67513 0 7
67592 0 2
67592 0 5
67671 0 3
67671 0 4
67671 0 6
67749 0 2
67749 0 5
67828 0 1
67828 0 6
67906 0 2
67906 0 5
67985 0 7
67985 0 4
67985 0 3
68063 0 2
68063 0 6
68142 0 1
68142 0 5
68220 0 2
68220 0 6
68299 0 7
68299 0 4
68299 0 3
68377 0 2
68377 0 5
68456 0 1
68456 0 7
68534 0 2
68534 0 5
68613 0 3
68613 0 4
68613 0 7
68691 0 2
68691 0 5
68770 0 1
68770 0 7
68849 0 2
68849 0 5
68927 0 6
68927 0 4
68927 0 3
69006 0 2
69006 0 5
69084 0 1
69084 0 6
69163 0 2
69163 0 5
69241 0 3
69241 0 4
69241 0 7
69320 0 2
69320 0 6
69398 0 1
69398 0 5
69477 0 2
69477 0 6
69555 0 7
69555 0 4
69555 0 3
69634 0 2
69634 0 5
69712 0 1
69712 0 7
69791 0 2
69791 0 5
69869 0 3
69869 0 4
69869 0 7
69948 0 2
69948 0 5
70027 0 1
70027 0 7
70105 0 2
70105 0 5
70184 0 3
70184 0 4
70184 0 6
70262 0 2
70262 0 5
70341 0 1
70341 0 6
70419 0 2
70419 0 5
70498 0 7
70498 0 4
70498 0 3
70576 0 2
70576 0 6
70655 0 1
70655 0 5
70733 0 2
70733 0 6
70812 0 7
70812 0 4
70812 0 3
70890 0 5
70969 0 7
70969 0 1
71047 0 6
71047 0 3
71126 0 4
71126 0 5
71126 0 1
71205 0 6
71205 0 3
71283 0 7
71283 0 1
71362 0 6
71362 0 3
71440 0 2
71440 0 4
71440 0 5
71519 0 6
71519 0 3
71597 0 2
71597 0 7
71676 0 6
71676 0 3
71754 0 1
71754 0 5
71754 0 4
71833 0 6
71833 0 2
71911 0 7
71911 0 3
71990 0 6
71990 0 2
72068 0 4
72068 0 5
72068 0 1
72147 0 6
72147 0 3
72225 0 1
72225 0 7
72304 0 6
72304 0 3
72383 0 5
72383 0 4
72383 0 1
72461 0 6
72461 0 3
72540 0 1
72540 0 7
72618 0 6
72618 0 3
72697 0 2
72697 0 5
72697 0 4
72775 0 6
72775 0 3
72854 0 7
72854 0 2
72932 0 6
72932 0 3
73011 0 1
73011 0 4
73011 0 5
73089 0 6
73089 0 2
73168 0 3
73168 0 7
73246 0 6
73246 0 2
73325 0 1
73325 0 4
73325 0 5
73403 0 6
73403 0 3
73482 0 7
73482 0 1
73561 0 6
73561 0 3
73639 0 1
73639 0 5
73639 0 4
73718 0 6
73718 0 3
73796 0 1
73796 0 7
73875 0 6
73875 0 3
73953 0 5
73953 0 4
73953 0 2
74032 0 6
74032 0 3
74110 0 2
74110 0 7
74189 0 6
74189 0 3
74267 0 4
74267 0 5
74267 0 1
74346 0 6
74346 0 2
74424 0 7
74424 0 3
74503 0 6
74503 0 2
74581 0 4
74581 0 5
74581 0 1
74660 0 6
74660 0 3
74739 0 1
74739 0 7
74817 0 6
74817 0 3
74896 0 4
74896 0 2
74896 0 5
75053 0 6
75210 0 2
75367 0 6
75524 0 2
75681 0 6
75838 0 2
75995 0 6
76152 0 3
76152 0 1
76152 0 7
76231 0 5
76309 0 2
76309 0 4
76388 0 7
76466 0 6
76466 0 1
76466 0 3
76545 0 4
76623 0 2
76623 0 7
76702 0 5
76780 0 4
76780 0 1
76780 0 3
76859 0 7
76938 0 2
76938 0 6
77016 0 4
77095 0 7
77095 0 1
77095 0 3
77173 0 5
77252 0 2
77252 0 4
77330 0 7
77409 0 6
77409 0 1
77409 0 3
77487 0 4
77566 0 2
77566 0 7
77644 0 5
77723 0 4
77723 0 1
77723 0 3
77801 0 7
77880 0 2
77880 0 6
77958 0 4
78037 0 7
78037 0 1
78037 0 3
78116 0 5
78194 0 2
78194 0 4
78273 0 7
78351 0 3
78351 0 1
78351 0 6
78430 0 4
78508 0 2
78508 0 7
78587 0 5
78665 0 4
78665 0 3
78665 0 1
78744 0 7
78822 0 6
78822 0 2
78901 0 4
78979 0 7
78979 0 3
78979 0 1
79058 0 5
79136 0 2
79136 0 4
79215 0 7
79294 0 3
79294 0 1
79294 0 6
79372 0 4
79451 0 7
79451 0 2
79529 0 5
79608 0 1
79608 0 3
79608 0 4
79686 0 7
79765 0 6
79765 0 2
79843 0 4
79922 0 3
79922 0 1
79922 0 7
80000 0 5
80079 0 2
80079 0 4
80157 0 7
80236 0 3
80236 0 1
80236 0 6
80314 0 4
80393 0 7
80393 0 2
80472 0 5
80550 0 3
80550 0 1
80550 0 4
80629 0 7
80707 0 2
80707 0 6
80786 0 4
80864 0 7
80864 0 3
80864 0 1
80943 0 6
81021 0 2
81021 0 4
81178 0 4
81178 0 5
81178 0 1
81178 0 7
81257 0 2
81335 0 6
81335 0 3
81414 0 2
81492 0 7
81492 0 5
81492 0 1
81571 0 3
81650 0 6
81650 0 4
81728 0 3
81807 0 1
81807 0 7
81807 0 5
81885 0 2
81964 0 6
81964 0 3
82042 0 2
82121 0 1
82121 0 7
82121 0 5
82199 0 3
82278 0 6
82278 0 4
82356 0 3
82435 0 4
82435 0 5
82435 0 1
82435 0 7
82513 0 2
82592 0 6
82592 0 3
82671 0 2
82749 0 5
82749 0 7
82749 0 1
82828 0 3
82906 0 6
82906 0 4
82985 0 3
83063 0 1
83063 0 7
83063 0 5
83142 0 2
83220 0 6
83220 0 3
83299 0 2
83377 0 1
83377 0 5
83377 0 7
83456 0 3
83534 0 4
83534 0 6
83613 0 3
83691 0 7
83691 0 5
83691 0 1
83770 0 2
83849 0 3
83849 0 6
83927 0 2
84006 0 7
84006 0 5
84006 0 1
84084 0 3
84163 0 6
84163 0 4
84241 0 3
84320 0 5
84320 0 4
84320 0 1
84320 0 7
84398 0 2
84477 0 3
84477 0 6
84555 0 2
84634 0 1
84634 0 7
84634 0 5
84948 0 4
85262 0 5
85262 0 3
85576 0 5
85576 0 3
85890 0 5
85890 0 3
86205 0 3
86309 0 2
86414 0 1
86519 0 1
86623 0 2
86728 0 3
86833 0 3
86938 0 2
87042 0 1
87147 0 2
87147 0 4
87147 0 1
87304 0 2
87304 0 4
87461 0 7
87461 0 3
87540 0 5
87618 0 2
87697 0 7
87775 0 5
87775 0 1
87932 0 7
87932 0 1
88011 0 5
88089 0 2
88168 0 7
88246 0 5
88246 0 3
88403 0 2
88403 0 4
88561 0 2
88561 0 4
88718 0 7
88718 0 1
88796 0 5
88875 0 2
88953 0 7
89032 0 5
89032 0 3
89189 0 7
89189 0 3
89267 0 5
89346 0 2
89424 0 7
89503 0 5
89503 0 1
89660 0 2
89660 0 4
89817 0 2
89817 0 4
89974 0 7
89974 0 3
90053 0 5
90131 0 2
90210 0 7
90288 0 5
90288 0 1
90445 0 7
90445 0 1
90524 0 5
90602 0 2
90681 0 7
90760 0 5
90760 0 3
90917 0 4
90917 0 2
91074 0 2
91074 0 4
91231 0 7
91231 0 1
91309 0 5
91388 0 2
91466 0 7
91545 0 5
91545 0 2
91545 0 4
91545 0 3
91702 0 7
91702 0 3
91780 0 5
91859 0 7
91859 0 2
91938 0 5
92016 0 1
92095 0 7
92173 0 2
92173 0 4
92173 0 5
92173 0 3
92252 0 2
92330 0 7
92409 0 5
92409 0 1
92487 0 7
92487 0 2
92566 0 5
92566 0 3
92644 0 1
92723 0 7
92723 0 2
92801 0 2
92801 0 4
92801 0 5
92801 0 3
92880 0 3
92958 0 7
92958 0 2
93037 0 5
93037 0 1
93116 0 7
93116 0 3
93194 0 5
93194 0 2
93273 0 1
93351 0 7
93351 0 1
93430 0 2
93430 0 4
93430 0 5
93508 0 3
93587 0 7
93587 0 1
93665 0 5
93665 0 2
93744 0 7
93744 0 3
93822 0 5
93822 0 3
93901 0 2
93901 0 4
93979 0 7
93979 0 1
94058 0 5
94058 0 3
94136 0 7
94136 0 2
94215 0 1
94215 0 4
94215 0 2
94294 0 7
94294 0 1
94372 0 5
94372 0 2
94451 0 7
94451 0 3
94529 0 2
94529 0 4
94529 0 1
94608 0 7
94608 0 2
94686 0 5
94686 0 3
94765 0 7
94765 0 3
94843 0 4
94843 0 2
94922 0 7
94922 0 1
95079 0 6
95157 0 7
95157 0 3
95236 0 4
95314 0 7
95314 0 1
95314 0 2
95314 0 6
95393 0 3
95472 0 7
95472 0 4
95550 0 6
95629 0 3
95629 0 1
95629 0 2
95629 0 7
95707 0 4
95786 0 7
95786 0 3
95864 0 5
95943 0 2
95943 0 1
95943 0 7
96021 0 5
96100 0 7
96178 0 5
96257 0 7
96257 0 4
96257 0 2
96335 0 6
96414 0 1
96414 0 5
96492 0 3
96571 0 2
96571 0 4
96571 0 7
96650 0 6
96728 0 1
96728 0 4
96885 0 7
96885 0 2
96885 0 5
96885 0 3
97042 0 6
97042 0 4
97042 0 1
97199 0 2
97199 0 4
97356 0 1
97356 0 4
97356 0 6
97435 0 7
97513 0 5
97513 0 3
97513 0 2
97592 0 4
97671 0 1
97671 0 7
97749 0 6
97828 0 2
97828 0 4
97906 0 7
97985 0 1
97985 0 5
98063 0 4
98142 0 2
98142 0 3
98220 0 7
98299 0 1
98299 0 5
98377 0 4
98456 0 3
98456 0 5
98534 0 1
98613 0 7
98613 0 2
98691 0 4
98770 0 5
98770 0 6
98849 0 1
98927 0 7
98927 0 3
99006 0 5
99084 0 4
99084 0 6
99163 0 1
99241 0 7
99241 0 2
99320 0 3
99398 0 2
99398 0 6
99398 0 4
99398 0 5
99555 0 1
99555 0 3
99555 0 7
99712 0 6
99712 0 4
99712 0 2
99869 0 7
99869 0 3
99869 0 5
99948 0 1
100027 0 2
100027 0 6
100027 0 5
100105 0 4
100184 0 7
100184 0 1
100262 0 3
100341 0 4
100341 0 6
100419 0 1
100498 0 7
100576 0 3
100655 0 5
100655 0 6
100655 0 4
100733 0 1
100812 0 7
100812 0 2
100890 0 4
100969 0 3
100969 0 5
101047 0 1
101126 0 4
101126 0 2
101205 0 6
101283 0 7
101283 0 5
101283 0 3
101362 0 1
101440 0 4
101440 0 2
101519 0 6
101597 0 3
101597 0 5
101597 0 7
101676 0 2
101754 0 4
101754 0 6
101911 0 1
101911 0 5
101911 0 3
101911 0 7
102068 0 6
102068 0 2
102068 0 4
102225 0 3
102225 0 5
102383 0 4
102383 0 6
102383 0 2
102540 0 7
102540 0 5
102540 0 3
102618 0 6
102697 0 4
102697 0 2
102775 0 1
102854 0 7
102854 0 5
102854 0 3
102932 0 6
103011 0 4
103011 0 2
103089 0 1
103168 0 7
103168 0 5
103168 0 3
103246 0 6
103325 0 4
103325 0 2
103403 0 1
103482 0 7
103482 0 5
103482 0 3
103561 0 6
103639 0 4
103639 0 2
103718 0 1
103796 0 3
103796 0 5
103796 0 7
103875 0 6
103953 0 4
103953 0 2
104032 0 1
104110 0 7
104110 0 5
104110 0 3
104189 0 6
104267 0 4
104267 0 2
104424 0 3
104424 0 5
104424 0 1
104424 0 7
104581 0 2
104581 0 6
104581 0 4
104739 0 3
104739 0 5
104896 0 2
104896 0 6
104896 0 4
105053 0 3
105053 0 5
105210 0 4
105367 0 2
105524 0 4
105681 0 1
105681 0 2
105838 0 4
105995 0 2
105995 0 7
105995 0 6
105995 0 1
106074 0 7
106074 0 6
106152 0 4
106152 0 6
106152 0 7
106231 0 6
106231 0 7
106309 0 5
106309 0 1
106309 0 2
106309 0 7
106388 0 6
106466 0 1
106466 0 4
106466 0 6
106545 0 7
106623 0 1
106623 0 2
106623 0 5
106623 0 3
106702 0 6
106780 0 5
106780 0 4
106780 0 2
106859 0 7
106938 0 1
106938 0 2
106938 0 5
106938 0 7
107016 0 6
107095 0 1
107095 0 4
107095 0 5
107173 0 7
107252 0 5
107252 0 1
107252 0 2
107252 0 3
107330 0 6
107409 0 2
107409 0 4
107487 0 7
107566 0 5
107566 0 1
107566 0 2
107644 0 6
107723 0 4
107723 0 1
107801 0 7
107880 0 5
107880 0 1
107880 0 2
107958 0 6
108037 0 2
108037 0 4
108116 0 7
108194 0 5
108194 0 1
108194 0 2
108273 0 6
108351 0 4
108351 0 1
108430 0 7
108508 0 2
108508 0 1
108508 0 5
108587 0 6
108665 0 2
108665 0 4
108744 0 7
108822 0 5
108822 0 2
108822 0 7
108822 0 1
108901 0 6
108979 0 1
108979 0 4
108979 0 5
109058 0 7
109136 0 3
109136 0 2
109136 0 5
109136 0 1
109215 0 6
109294 0 5
109294 0 4
109294 0 2
109372 0 7
109451 0 5
109451 0 2
109451 0 1
109529 0 6
109608 0 1
109608 0 4
109608 0 6
109686 0 7
109765 0 5
109765 0 1
109765 0 2
109765 0 3
109843 0 6
109922 0 4
109922 0 2
110000 0 7
110079 0 1
110079 0 2
110079 0 5
110157 0 6
110236 0 4
110236 0 1
110314 0 7
110393 0 2
110393 0 1
110393 0 5
110472 0 6
110550 0 2
110550 0 4
110629 0 7
110707 0 2
110707 0 1
110707 0 5
110786 0 6
110864 0 4
110864 0 1
110943 0 7
111021 0 1
111021 0 5
111021 0 2
111100 0 7
111178 0 2
111178 0 5
111257 0 7
111335 0 4
111335 0 7
111335 0 1
111414 0 2
111414 0 6
111571 0 4
111571 0 7
111571 0 1
111650 0 5
111650 0 3
111807 0 4
111807 0 7
111807 0 1
111885 0 2
111885 0 6
112042 0 4
112042 0 7
112042 0 1
112121 0 5
112121 0 3
112278 0 1
112278 0 4
112278 0 6
112278 0 2
112278 0 7
112435 0 4
112435 0 6
112435 0 2
112592 0 5
112592 0 3
112671 0 1
112671 0 7
112671 0 4
112828 0 2
112828 0 6
112906 0 4
112906 0 7
112906 0 1
113063 0 5
113063 0 3
113142 0 4
113142 0 7
113142 0 1
113299 0 2
113299 0 6
113377 0 1
113377 0 7
113377 0 4
113534 0 3
113534 0 5
113534 0 6
113534 0 2
113691 0 2
113691 0 6
113691 0 3
113691 0 5
113849 0 3
113849 0 4
113927 0 2
113927 0 1
114006 0 3
114006 0 4
114084 0 2
114163 0 5
114163 0 4
114241 0 3
114241 0 2
114320 0 5
114320 0 4
114398 0 3
114477 0 5
114477 0 6
114555 0 3
114555 0 4
114634 0 6
114634 0 5
114712 0 4
114791 0 6
114791 0 7
114869 0 4
114869 0 5
114948 0 7
114948 0 6
115027 0 6
115027 0 7
115105 0 1
115105 0 2
115184 0 4
115184 0 3
115262 0 2
115262 0 1
115341 0 4
115341 0 3
115419 0 2
115419 0 3
115498 0 5
115498 0 4
115576 0 3
115576 0 2
115655 0 5
115655 0 4
115733 0 3
115733 0 4
115812 0 6
115812 0 5
115890 0 3
115890 0 4
115969 0 6
115969 0 5
116047 0 5
116047 0 4
116126 0 7
116126 0 6
116205 0 4
116205 0 5
116283 0 7
116283 0 6
116362 0 2
116362 0 1
116440 0 3
116440 0 4
116519 0 1
116519 0 2
116597 0 3
116597 0 4
116676 0 3
116676 0 2
116754 0 4
116754 0 5
116833 0 2
116833 0 3
116911 0 4
116911 0 5
116990 0 4
116990 0 3
117068 0 5
117068 0 6
117147 0 4
117147 0 3
117225 0 5
117225 0 6
117304 0 4
117304 0 5
117383 0 6
117383 0 7
117461 0 5
117461 0 4
117540 0 6
117540 0 7
120288 0 3
120288 0 5
120602 0 5
120602 0 3
120760 0 2
120760 0 6
120917 0 1
120917 0 7
121074 0 2
121074 0 6
121388 0 1
121388 0 7
121388 0 4
121545 0 2
121545 0 6
121545 0 3
121702 0 2
121702 0 1
121702 0 5
121859 0 3
121859 0 6
121859 0 4
122016 0 2
122173 0 1
122173 0 4
122173 0 7
122330 0 6
122330 0 2
122330 0 3
122487 0 2
122487 0 5
122487 0 1
122644 0 6
122644 0 4
122644 0 3
122801 0 1
122958 0 2
122958 0 5
123116 0 1
123273 0 6
123273 0 3
123430 0 1
123587 0 2
123587 0 5
123744 0 3
123901 0 1
123901 0 4
123901 0 7
124058 0 3
124058 0 6
124058 0 2
124215 0 1
124215 0 2
124215 0 5
124372 0 6
124372 0 3
124372 0 4
124529 0 2
124686 0 4
124686 0 1
124686 0 7
124843 0 2
124843 0 3
124843 0 6
125000 0 1
125000 0 2
125000 0 5
125157 0 6
125157 0 3
125157 0 4
125314 0 1
125472 0 2
125472 0 5
125629 0 1
125786 0 6
125786 0 3
125943 0 1
126100 0 5
126100 0 2
126257 0 3
126257 0 4
126257 0 7
126414 0 1
126571 0 5
126571 0 3
126571 0 2
126728 0 1
126728 0 4
126728 0 2
126885 0 2
126885 0 3
126885 0 5
127042 0 1
127199 0 4
127199 0 3
127199 0 7
127356 0 2
127356 0 5
127356 0 3
127513 0 1
127513 0 2
127513 0 4
127671 0 3
127671 0 2
127671 0 5
127828 0 1
127985 0 3
127985 0 4
127985 0 6
128142 0 2
128299 0 7
128299 0 4
128299 0 5
128456 0 3
128613 0 4
128613 0 6
128613 0 2
128770 0 2
128770 0 6
128770 0 4
128927 0 1
129084 0 2
129241 0 4
129398 0 1
129398 0 5
129398 0 3
129555 0 5
129555 0 3
129555 0 1
129712 0 7
129869 0 6
130027 0 2
130027 0 1
130027 0 4
130184 0 4
130184 0 2
130184 0 1
130341 0 5
130498 0 6
130655 0 7
130812 0 5
130969 0 2
130969 0 1
130969 0 4
131126 0 2
131126 0 3
131126 0 5
131283 0 6
131283 0 3
131283 0 4
131440 0 1
131440 0 7
131440 0 2
131597 0 6
131597 0 3
131754 0 1
131754 0 5
131754 0 4
131911 0 6
131911 0 3
132068 0 1
132225 0 7
132225 0 2
132383 0 3
132383 0 6
132383 0 1
132540 0 5
132540 0 4
132697 0 1
132697 0 6
132697 0 3
132854 0 5
133011 0 3
133011 0 6
133011 0 2
133011 0 1
133168 0 5
133325 0 3
133325 0 7
133325 0 1
133325 0 4
133482 0 5
133639 0 3
133639 0 2
133639 0 1
133639 0 6
133796 0 1
133953 0 1
133953 0 7
133953 0 2
134110 0 6
134110 0 3
134267 0 1
134267 0 5
134267 0 4
134424 0 6
134424 0 3
134581 0 1
134739 0 7
134739 0 2
134896 0 1
134896 0 6
134896 0 3
135053 0 5
135053 0 4
135210 0 3
135210 0 6
135210 0 1
135367 0 7
135524 0 1
135524 0 2
135524 0 3
135524 0 5
135681 0 7
135838 0 4
135838 0 3
135838 0 1
135838 0 6
135995 0 7
136152 0 3
136152 0 2
136152 0 5
136152 0 1
136309 0 1
136309 0 7
136309 0 4
136309 0 3
136466 0 2
136466 0 1
136623 0 3
136623 0 6
136780 0 1
136780 0 5
136780 0 4
136938 0 3
136938 0 6
137095 0 7
137095 0 4
137095 0 1
137252 0 3
137252 0 6
137409 0 1
137409 0 5
137409 0 4
137566 0 3
137566 0 6
137723 0 1
137723 0 2
137880 0 3
138037 0 5
138037 0 4
138037 0 1
138037 0 7
138194 0 3
138351 0 1
138351 0 4
138351 0 7
138351 0 6
138508 0 3
138665 0 1
138665 0 5
138665 0 7
138822 0 7
138822 0 5
138979 0 1
138979 0 2
139294 0 1
139294 0 2
139451 0 4
139451 0 6
139608 0 6
139608 0 1
139608 0 2
139608 0 4
139922 0 1
139922 0 2
140079 0 3
140079 0 5
140236 0 2
140236 0 3
140236 0 5
140236 0 1
140550 0 2
140550 0 1
140864 0 1
140864 0 2
141021 0 2
141021 0 5
141178 0 3
141178 0 6
141178 0 2
141178 0 1
141335 0 7
141335 0 4
141492 0 7
141492 0 1
141650 0 2
141807 0 7
141807 0 1
141964 0 2
141964 0 3
141964 0 5
142121 0 1
142121 0 7
142121 0 3
142121 0 5
142278 0 2
142435 0 7
142435 0 1
142592 0 2
142592 0 4
142749 0 1
142749 0 7
142906 0 2
143063 0 1
143063 0 7
143220 0 3
143220 0 5
143220 0 2
143377 0 7
143377 0 1
143534 0 2
143691 0 1
143691 0 7
143849 0 2
144006 0 7
144006 0 1
144163 0 2
144320 0 1
144320 0 7
144477 0 2
144477 0 3
144477 0 5
144634 0 7
144634 0 3
144634 0 5
144869 0 1
144948 0 7
144948 0 6
145027 0 1
145105 0 2
145105 0 4
145105 0 6
145184 0 1
145262 0 7
145262 0 6
145262 0 2
145262 0 4
145341 0 1
145419 0 6
145498 0 1
145576 0 7
145576 0 6
145655 0 1
145733 0 6
145812 0 1
145890 0 7
145890 0 6
145969 0 1
146047 0 6
146047 0 2
146047 0 4
146126 0 1
146205 0 7
146205 0 6
146205 0 4
146205 0 3
146283 0 1
146362 0 5
146362 0 3
146362 0 6
146440 0 1
146519 0 6
146519 0 7
149032 0 7
149032 0 1
149032 0 2
149032 0 5
149032 0 3
149189 0 4
149189 0 6
149189 0 2
149346 0 1
149346 0 2
149346 0 5
149346 0 3
149503 0 6
149503 0 4
149503 0 2
149660 0 1
149660 0 3
149660 0 2
149817 0 7
149817 0 5
149817 0 2
149974 0 1
149974 0 2
149974 0 4
149974 0 6
150131 0 2
150131 0 5
150131 0 3
150288 0 6
150288 0 1
150288 0 2
150288 0 3
150288 0 4
150445 0 2
150602 0 3
150602 0 2
150602 0 1
150602 0 6
150760 0 2
150917 0 2
150917 0 1
150917 0 3
150917 0 4
150917 0 7
151074 0 2
151231 0 6
151231 0 2
151231 0 3
151231 0 1
151388 0 2
151545 0 2
151545 0 1
151545 0 3
151545 0 7
151545 0 4
151702 0 3
151702 0 6
151702 0 5
151859 0 2
151859 0 3
151859 0 7
151859 0 5
152016 0 3
152016 0 4
152016 0 6
152173 0 2
152173 0 1
152173 0 3
152330 0 4
152330 0 7
152330 0 3
152487 0 6
152487 0 3
152487 0 2
152487 0 5
152644 0 3
152644 0 7
152644 0 5
152801 0 6
152801 0 1
152801 0 4
152801 0 2
152801 0 3
152958 0 3
153116 0 6
153116 0 3
153116 0 4
153116 0 2
153273 0 3
153430 0 3
153430 0 1
153430 0 2
153430 0 5
153430 0 7
153587 0 3
153744 0 3
153744 0 1
153744 0 2
153744 0 6
153744 0 4
153901 0 7
153901 0 1
153901 0 3
154058 0 5
154058 0 7
154058 0 6
154215 0 6
154215 0 2
154215 0 4
154372 0 3
154372 0 6
154372 0 7
154372 0 5
154529 0 4
154529 0 1
154529 0 6
154686 0 7
154686 0 5
154686 0 6
154843 0 3
154843 0 5
154843 0 6
155000 0 7
155000 0 6
155000 0 4
155000 0 2
155157 0 3
155157 0 5
155157 0 6
155314 0 7
155314 0 5
155314 0 6
155314 0 1
155314 0 4
155472 0 6
155629 0 1
155629 0 6
155629 0 7
155629 0 3
155786 0 6
155943 0 4
155943 0 5
155943 0 6
155943 0 7
155943 0 1
156100 0 6
156257 0 7
156257 0 6
156257 0 2
156257 0 4
156414 0 2
156414 0 4
156414 0 6
156571 0 6
156571 0 7
156571 0 5
156728 0 5
156885 0 6
156885 0 5
157042 0 5
157042 0 2
157042 0 3
157199 0 2
157199 0 6
157199 0 3
157199 0 7
157199 0 5
157356 0 5
157513 0 6
157513 0 5
157671 0 1
157671 0 3
157671 0 5
157828 0 3
157828 0 6
157828 0 5
157828 0 1
157828 0 7
157985 0 5
158142 0 5
158299 0 5
158456 0 5
158613 0 4
158613 0 2
158613 0 5
158770 0 5
158770 0 3
158770 0 6
158927 0 5
158927 0 7
158927 0 4
159084 0 5
159084 0 1
159084 0 2
159084 0 7
159084 0 3
159241 0 4
159241 0 6
159241 0 2
159398 0 2
159398 0 1
159398 0 4
159398 0 3
159398 0 5
159555 0 6
159555 0 4
159555 0 2
159712 0 2
159712 0 1
159712 0 3
159869 0 2
159869 0 7
159869 0 5
160027 0 6
160027 0 1
160027 0 2
160027 0 3
160027 0 4
160184 0 5
160184 0 4
160184 0 2
160341 0 3
160341 0 1
160341 0 6
160341 0 2
160341 0 4
160498 0 2
160655 0 2
160655 0 3
160655 0 6
160655 0 4
160655 0 1
160812 0 2
160969 0 3
160969 0 1
160969 0 2
160969 0 5
160969 0 7
161126 0 2
161283 0 3
161283 0 1
161283 0 2
161283 0 4
161283 0 6
161440 0 2
161597 0 6
161597 0 5
161597 0 7
161597 0 1
161597 0 3
161754 0 4
161754 0 2
161754 0 6
161911 0 6
161911 0 5
161911 0 3
161911 0 7
161911 0 4
162068 0 4
162068 0 2
162068 0 6
162225 0 6
162225 0 5
162225 0 7
162383 0 3
162383 0 1
162383 0 6
162540 0 6
162540 0 5
162540 0 2
162540 0 4
162540 0 7
162697 0 3
162697 0 4
162697 0 6
162854 0 4
162854 0 5
162854 0 6
162854 0 2
162854 0 7
163011 0 6
163168 0 3
163168 0 5
163168 0 6
163168 0 1
163168 0 7
163325 0 6
163482 0 7
163482 0 5
163482 0 6
163482 0 2
163482 0 4
163639 0 6
163796 0 1
163796 0 6
163796 0 5
163796 0 3
163796 0 7
163953 0 5
163953 0 7
163953 0 4
164267 0 4
164267 0 6
164267 0 3
164424 0 2
164424 0 5
164581 0 6
164581 0 3
164581 0 4
164896 0 4
164896 0 5
164896 0 7
165053 0 3
165053 0 6
165210 0 5
165210 0 2
165210 0 4
165367 0 6
165367 0 3
165524 0 4
165681 0 5
165681 0 3
165838 0 4
165995 0 7
165995 0 1
165995 0 2
166074 0 6
166152 0 4
166152 0 2
166231 0 6
166309 0 2
166309 0 3
166309 0 5
166388 0 6
166466 0 5
166466 0 2
166466 0 4
166466 0 3
166545 0 6
166623 0 2
166702 0 6
166780 0 4
166780 0 2
166859 0 6
166938 0 2
166938 0 1
166938 0 7
167016 0 6
167095 0 7
167095 0 2
167095 0 1
167095 0 4
167173 0 6
167252 0 2
167330 0 6
167409 0 4
167409 0 2
167487 0 6
167566 0 2
167644 0 6
167723 0 4
167723 0 2
167723 0 5
167723 0 3
167801 0 6
167880 0 3
167880 0 5
168037 0 4
168351 0 4
168665 0 4
168665 0 2
168665 0 5
168822 0 3
168822 0 6
168979 0 5
168979 0 7
168979 0 4
169136 0 6
169608 0 6
169922 0 6
170079 0 6
170236 0 6
170393 0 6
170864 0 6
171178 0 6
171335 0 6
171492 0 6
171650 0 7
172121 0 7
172435 0 7
172592 0 7
172749 0 7
172906 0 7
173377 0 7
173691 0 7
173849 0 7
174006 0 7
174163 0 5
174634 0 5
174948 0 5
175105 0 5
175262 0 5
175419 0 5
175890 0 5
176205 0 5
176362 0 5
176519 0 5
176676 0 3
177147 0 3
177461 0 3
177618 0 3
177775 0 3
177932 0 3
178403 0 3
179189 0 7
179660 0 7
179817 0 2
179817 0 6
179974 0 7
179974 0 5
179974 0 3
180131 0 4
180131 0 7
180288 0 7
180288 0 5
180288 0 3
180445 0 7
180917 0 7
181231 0 7
181388 0 7
181545 0 7
181702 0 1
182173 0 1
182330 0 3
182330 0 5
182487 0 2
182487 0 6
182487 0 1
182644 0 1
182644 0 3
182644 0 5
182801 0 1
182801 0 4
182958 0 1
183430 0 1
183744 0 1
183901 0 1
184058 0 1
184215 0 7
184686 0 7
184843 0 3
184843 0 5
185000 0 7
185000 0 6
185000 0 2
185157 0 5
185157 0 3
185157 0 7
185314 0 6
185314 0 2
185314 0 7
185472 0 7
185943 0 7
186257 0 7
186414 0 7
186571 0 7
186728 0 1
187199 0 1
187356 0 6
187356 0 2
187513 0 1
187513 0 5
187513 0 3
187671 0 4
187671 0 1
187828 0 5
187828 0 3
187828 0 1
187985 0 1
188456 0 1
188770 0 1
188927 0 1
189084 0 1
189241 0 7
189241 0 1
189241 0 4
189398 0 2
189398 0 6
189555 0 3
189555 0 5
189555 0 4
189712 0 6
189712 0 2
189869 0 4
190027 0 1
190027 0 7
190184 0 4
190184 0 2
190184 0 6
190341 0 3
190341 0 5
190498 0 4
190498 0 6
190812 0 4
190969 0 6
191126 0 4
191283 0 6
191440 0 6
191440 0 4
191597 0 6
191597 0 4
191754 0 4
191754 0 7
191754 0 1
191911 0 3
191911 0 5
192068 0 6
192068 0 2
192068 0 4
192225 0 1
192225 0 7
192383 0 4
192540 0 7
192540 0 1
192697 0 4
192697 0 2
192697 0 6
192854 0 5
192854 0 3
193011 0 2
193011 0 4
193325 0 4
193482 0 2
193639 0 4
193796 0 2
193953 0 2
193953 0 4
194110 0 2
194110 0 4
194267 0 4
194267 0 2
194267 0 6
194424 0 3
194424 0 5
194581 0 4
194581 0 6
194581 0 2
194739 0 1
194739 0 7
194896 0 4
195053 0 2
195053 0 6
195210 0 4
195210 0 1
195210 0 7
195367 0 3
195367 0 5
195524 0 6
195524 0 4
195838 0 4
195995 0 6
196152 0 4
196309 0 6
196466 0 6
196466 0 4
196623 0 6
196780 0 4
196780 0 2
197095 0 4
197252 0 2
197409 0 4
197566 0 2
197723 0 4
197723 0 2
197880 0 2
198037 0 2
198351 0 1
198351 0 7
198508 0 3
198508 0 5
198665 0 1
198665 0 7
198822 0 3
198822 0 5
198979 0 1
198979 0 7
199294 0 2
199294 0 1
199294 0 4
199372 0 7
199451 0 1
199451 0 4
199529 0 7
199608 0 5
199608 0 3
199608 0 2
199686 0 7
199765 0 2
199765 0 5
199843 0 7
199922 0 2
199922 0 1
199922 0 4
200000 0 7
200079 0 1
200079 0 4
200157 0 7
200236 0 2
200236 0 3
200236 0 5
200314 0 7
200393 0 2
200393 0 5
200472 0 7
200550 0 2
200550 0 1
200550 0 4
200629 0 7
200707 0 1
200707 0 4
200786 0 7
200864 0 2
200864 0 3
200864 0 4
200943 0 6
201021 0 2
201021 0 4
201100 0 6
201178 0 2
201178 0 1
201178 0 4
201257 0 7
201335 0 1
201335 0 4
201414 0 7
201492 0 2
201492 0 3
201492 0 4
201571 0 6
201650 0 2
201650 0 4
201728 0 6
201807 0 2
201807 0 1
201807 0 4
201885 0 7
201964 0 1
201964 0 4
202042 0 7
202121 0 2
202121 0 3
202121 0 5
202199 0 7
202278 0 2
202278 0 5
202356 0 7
202435 0 2
202435 0 1
202435 0 4
202513 0 7
202592 0 1
202592 0 4
202671 0 7
202749 0 2
202749 0 3
202749 0 5
202828 0 7
202906 0 2
202906 0 5
202985 0 7
203063 0 1
203063 0 2
203063 0 4
203142 0 7
203220 0 1
203220 0 4
203299 0 7
203377 0 2
203377 0 3
203377 0 5
203456 0 7
203534 0 2
203534 0 5
203613 0 7
203691 0 2
203691 0 1
203691 0 4
203770 0 7
203849 0 1
203849 0 4
203927 0 7
204006 0 2
204006 0 3
204006 0 5
204084 0 7
204163 0 4
204163 0 5
204241 0 7
204320 0 6
204320 0 7
204320 0 1
204398 0 4
204477 0 7
204477 0 1
204555 0 4
204634 0 6
204634 0 5
204634 0 1
204712 0 3
204791 0 6
204791 0 1
204869 0 3
204948 0 6
204948 0 7
204948 0 1
205027 0 4
205105 0 7
205105 0 1
205184 0 4
205262 0 6
205262 0 5
205262 0 1
205341 0 3
205419 0 6
205419 0 1
205498 0 3
205576 0 6
205576 0 7
205576 0 4
205655 0 1
205733 0 7
205733 0 4
205812 0 1
205890 0 6
205890 0 5
205890 0 4
205969 0 2
206047 0 6
206047 0 4
206126 0 2
206205 0 6
206205 0 7
206205 0 4
206283 0 1
206362 0 7
206362 0 4
206440 0 1
206519 0 6
206519 0 5
206519 0 4
206597 0 2
206676 0 6
206676 0 4
206754 0 2
206833 0 6
206833 0 7
206833 0 1
206911 0 3
206990 0 7
206990 0 1
207068 0 3
207147 0 5
207147 0 6
207147 0 1
207225 0 4
207304 0 6
207304 0 1
207383 0 4
207461 0 7
207461 0 6
207461 0 1
207540 0 3
207618 0 7
207618 0 1
207697 0 3
207775 0 6
207775 0 5
207775 0 1
207854 0 4
207932 0 6
207932 0 1
208011 0 4
208089 0 6
208089 0 7
208246 0 3
208403 0 5
208561 0 3
208718 0 5
208875 0 3
209032 0 5
209032 0 6
209032 0 7
209110 0 6
209110 0 7
209189 0 3
209189 0 6
209189 0 7
209267 0 6
209267 0 7
209346 0 5
209503 0 2
209503 0 6
209660 0 2
209660 0 3
209660 0 6
209739 0 4
209739 0 7
209817 0 5
209817 0 1
209817 0 6
209896 0 4
209896 0 7
209974 0 2
209974 0 3
209974 0 6
210053 0 4
210053 0 7
210131 0 6
210131 0 1
210131 0 5
210210 0 4
210210 0 7
210288 0 2
210288 0 3
210288 0 6
210367 0 4
210367 0 7
210445 0 5
210445 0 1
210445 0 6
210524 0 4
210524 0 7
210602 0 3
210602 0 2
210602 0 6
210681 0 4
210681 0 7
210760 0 5
210760 0 1
210760 0 6
210838 0 4
210838 0 7
210917 0 2
210917 0 3
210917 0 6
210995 0 4
210995 0 7
211074 0 5
211074 0 1
211074 0 6
211152 0 4
211152 0 7
211231 0 6
211231 0 3
211231 0 2
211309 0 4
211309 0 7
211388 0 5
211388 0 1
211388 0 6
211466 0 4
211466 0 7
211545 0 2
211545 0 3
211545 0 6
211623 0 4
211623 0 7
211702 0 5
211702 0 1
211702 0 6
211780 0 4
211780 0 7
211859 0 3
211859 0 2
211859 0 6
211938 0 4
211938 0 7
212016 0 6
212016 0 1
212016 0 5
212095 0 4
212095 0 7
212173 0 3
212173 0 2
212173 0 6
212252 0 4
212252 0 7
212330 0 5
212330 0 1
212330 0 6
212409 0 4
212409 0 7
212487 0 2
212487 0 3
212487 0 6
212566 0 4
212566 0 7
212644 0 5
212644 0 1
212644 0 6
212723 0 4
212723 0 7
212801 0 3
212801 0 2
212801 0 6
212880 0 4
212880 0 7
212958 0 6
212958 0 1
212958 0 5
213037 0 4
213037 0 7
213116 0 3
213116 0 2
213116 0 6
213194 0 4
213194 0 7
213273 0 5
213273 0 1
213273 0 6
213351 0 4
213351 0 7
213430 0 2
213430 0 3
213430 0 6
213508 0 4
213508 0 7
213587 0 5
213587 0 1
213587 0 6
213665 0 4
213665 0 7
213744 0 6
213744 0 2
213744 0 3
213822 0 7
213822 0 4
213901 0 1
213901 0 5
213901 0 6
213979 0 7
213979 0 4
214058 0 3
214058 0 2
214058 0 6
214136 0 7
214136 0 4
214215 0 5
214215 0 1
214215 0 6
214294 0 7
214372 0 4
214372 0 7
214372 0 1
214451 0 2
214451 0 6
214608 0 4
214608 0 7
214608 0 1
214686 0 5
214686 0 3
214843 0 1
214843 0 7
214843 0 4
214922 0 2
214922 0 6
215079 0 1
215079 0 7
215079 0 4
215157 0 5
215157 0 3
215314 0 1
215314 0 4
215314 0 6
215314 0 2
215314 0 7
215472 0 4
215472 0 6
215472 0 2
215629 0 5
215629 0 3
215707 0 1
215707 0 4
215707 0 7
215864 0 2
215864 0 6
215943 0 1
215943 0 7
215943 0 4
216100 0 5
216100 0 3
216178 0 4
216178 0 7
216178 0 1
216335 0 2
216335 0 6
216414 0 1
216414 0 7
216414 0 4
216571 0 6
216571 0 5
216571 0 3
216571 0 2
216728 0 3
216728 0 6
216728 0 5
216728 0 2
216885 0 3
216885 0 4
216964 0 2
216964 0 1
217042 0 3
217042 0 4
217121 0 2
217199 0 5
217199 0 4
217278 0 3
217278 0 2
217356 0 5
217356 0 4
217435 0 3
217513 0 5
217513 0 6
217592 0 3
217592 0 4
217671 0 6
217671 0 5
217749 0 4
217828 0 6
217828 0 7
217906 0 4
217906 0 5
217985 0 7
217985 0 6
218063 0 6
218063 0 7
220027 0 6
220027 0 4
220184 0 3
220184 0 5
220341 0 2
220341 0 4
220498 0 3
220498 0 5
220655 0 4
220969 0 7
221283 0 5
221597 0 3
221911 0 1
222540 0 2
222540 0 4
222697 0 3
222697 0 5
222854 0 6
222854 0 4
223011 0 3
223011 0 5
223325 0 6
223325 0 5
223482 0 1
223639 0 5
223639 0 6
223796 0 3
223796 0 5
223796 0 6
223953 0 7
223953 0 6
224110 0 5
224110 0 3
224110 0 2
224424 0 6
225053 0 6
225053 0 4
225210 0 5
225210 0 3
225367 0 4
225367 0 2
225524 0 5
225524 0 3
225995 0 5
226309 0 6
226623 0 3
226938 0 5
227566 0 2
227566 0 4
227723 0 5
227723 0 3
227880 0 6
227880 0 4
228037 0 5
228037 0 3
228194 0 6
228351 0 2
228351 0 3
228508 0 7
228665 0 2
228665 0 3
228822 0 6
228822 0 3
228822 0 2
228979 0 3
228979 0 4
229136 0 5
229136 0 1
229136 0 2
229215 0 2
229215 0 1
229294 0 2
229294 0 1
229451 0 3
231021 0 1
231021 0 4
231335 0 2
231335 0 5
231650 0 3
231650 0 6
231964 0 4
231964 0 7
233534 0 2
233534 0 4
233849 0 3
233849 0 5
234163 0 4
234163 0 6
234477 0 7
234477 0 5
234477 0 1
234791 0 7
235105 0 1
235105 0 3
235105 0 5
235419 0 7
235733 0 1
235733 0 2
235733 0 4
236047 0 7
236362 0 1
236362 0 3
236362 0 5
236676 0 6
236676 0 4
236676 0 7
236833 0 7
236990 0 1
237304 0 7
237304 0 2
237304 0 4
237618 0 1
237932 0 7
237932 0 5
237932 0 3
238246 0 1
238561 0 6
238561 0 4
238561 0 7
238875 0 1
239189 0 4
239189 0 6
239189 0 7
239346 0 7
239503 0 1
239817 0 3
240053 0 1
240131 0 5
240131 0 7
240210 0 1
240288 0 7
240367 0 1
240445 0 3
240445 0 7
240524 0 1
240602 0 7
240681 0 1
240760 0 5
240760 0 7
240838 0 1
240917 0 7
240995 0 1
241074 0 3
241074 0 7
241152 0 1
241231 0 7
241309 0 1
241388 0 5
241388 0 7
241466 0 1
241545 0 7
241623 0 1
241702 0 3
241702 0 7
241780 0 1
241859 0 7
241938 0 1
242016-244529 0 3
242016-244529 0 5
242016-244529 0 1
242016-244529 0 7
245943 0 3
245943 0 5
246257 0 3
246257 0 5
246571 0 3
246571 0 5
246885 0 5
246885 0 3
247199 0 5
247199 0 3
247513 0 3
247513 0 5
247671 0 3
247671 0 5
247828 0 2
247828 0 6
247985 0 1
247985 0 7
248142 0 2
248142 0 6
248299 0 2
248299 0 7
248299 0 5
248299 0 1
248299 0 3
248299 0 4
248456 0 2
248456 0 4
248456 0 6
248456 0 3
248613 0 5
248613 0 6
248613 0 3
248613 0 1
248613 0 2
248770 0 7
248770 0 4
248770 0 2
248770 0 6
248927 0 2
248927 0 1
248927 0 3
249084 0 2
249084 0 7
249084 0 4
249084 0 5
249241 0 4
249241 0 6
249241 0 3
249241 0 1
249241 0 2
249398 0 6
249398 0 3
249398 0 5
249398 0 2
249555 0 4
249555 0 7
249555 0 3
249555 0 6
249555 0 1
249555 0 2
249712 0 2
249869 0 3
249869 0 5
249869 0 6
249869 0 1
249869 0 2
250027 0 2
250184 0 6
250184 0 7
250184 0 4
250184 0 3
250184 0 1
250184 0 2
250341 0 2
250498 0 2
250498 0 3
250498 0 1
250498 0 6
250498 0 5
250655 0 2
250812 0 3
250812 0 4
250812 0 7
250812 0 2
250812 0 1
250812 0 6
250969 0 4
250969 0 5
250969 0 6
250969 0 3
251126 0 6
251126 0 2
251126 0 7
251126 0 5
251126 0 3
251283 0 5
251283 0 4
251283 0 7
251283 0 3
251440 0 2
251440 0 1
251440 0 3
251597 0 6
251597 0 4
251597 0 7
251597 0 3
251754 0 4
251754 0 5
251754 0 6
251754 0 2
251754 0 3
251911 0 4
251911 0 5
251911 0 7
251911 0 3
252068 0 7
252068 0 4
252068 0 6
252068 0 2
252068 0 1
252068 0 3
252225 0 3
252383 0 7
252383 0 4
252383 0 6
252383 0 2
252383 0 3
252540 0 3
252697 0 1
252697 0 5
252697 0 2
252697 0 7
252697 0 3
252854 0 3
253011 0 7
253011 0 4
253011 0 6
253011 0 2
253011 0 1
253011 0 3
253168 0 3
253168 0 7
253168 0 5
253325 0 7
253325 0 5
253325 0 6
253482 0 1
253482 0 4
253482 0 2
253482 0 6
253639 0 2
253639 0 7
253639 0 3
253639 0 5
253639 0 6
253796 0 1
253796 0 3
253796 0 4
253796 0 6
253953 0 7
253953 0 5
253953 0 6
254110 0 3
254110 0 2
254110 0 5
254110 0 6
254267 0 1
254267 0 4
254267 0 2
254267 0 7
254267 0 6
254424 0 2
254424 0 3
254424 0 5
254424 0 6
254581 0 4
254581 0 1
254581 0 5
254581 0 7
254581 0 6
254581 0 3
254739 0 6
254896 0 2
254896 0 3
254896 0 1
254896 0 7
254896 0 6
255053 0 6
255210 0 3
255210 0 1
255210 0 4
255210 0 5
255210 0 7
255210 0 6
255367 0 6
255524 0 7
255524 0 6
255524 0 4
255524 0 2
255681 0 2
255681 0 4
255681 0 6
255838 0 6
255838 0 7
255838 0 5
255995 0 5
256152 0 6
256152 0 5
256309 0 2
256309 0 3
256309 0 5
256466 0 2
256466 0 3
256466 0 6
256466 0 5
256466 0 7
256623 0 5
256780 0 6
256780 0 5
256938 0 3
256938 0 1
256938 0 5
257095 0 3
257095 0 1
257095 0 6
257095 0 7
257095 0 5
257252 0 5
257409 0 5
257566 0 5
257723 0 4
257723 0 6
257723 0 5
257880 0 2
257880 0 4
257880 0 1
257880 0 5
258037 0 2
258037 0 5
258037 0 3
258037 0 6
258194 0 7
258194 0 5
258194 0 4
258194 0 3
258351 0 5
258351 0 7
258351 0 2
258351 0 3
258351 0 1
258351 0 4
258508 0 3
258508 0 4
258508 0 6
258508 0 2
258665 0 1
258665 0 2
258665 0 5
258665 0 6
258665 0 3
258822 0 4
258822 0 6
258822 0 2
258822 0 7
258979 0 2
258979 0 3
258979 0 1
259136 0 5
259136 0 7
259136 0 2
259136 0 4
259294 0 1
259294 0 6
259294 0 3
259294 0 2
259294 0 4
259451 0 5
259451 0 6
259451 0 3
259451 0 2
259608 0 4
259608 0 3
259608 0 1
259608 0 2
259608 0 6
259608 0 7
259765 0 2
259922 0 3
259922 0 6
259922 0 5
259922 0 2
259922 0 1
260079 0 2
260236 0 4
260236 0 7
260236 0 1
260236 0 3
260236 0 2
260236 0 6
260393 0 2
260550 0 3
260550 0 6
260550 0 1
260550 0 2
260550 0 5
260707 0 2
260864 0 7
260864 0 1
260864 0 3
260864 0 2
260864 0 4
260864 0 5
261021 0 2
261021 0 5
261021 0 6
261021 0 3
261178 0 4
261178 0 2
261178 0 1
261178 0 7
261178 0 5
261335 0 2
261335 0 3
261335 0 4
261335 0 6
261492 0 1
261492 0 3
261492 0 2
261650 0 7
261650 0 4
261650 0 2
261650 0 5
261807 0 2
261807 0 5
261807 0 1
261807 0 6
261807 0 3
261964 0 2
261964 0 4
261964 0 7
261964 0 5
262121 0 1
262121 0 3
262121 0 2
262121 0 6
262121 0 4
262278 0 2
262435 0 3
262435 0 4
262435 0 6
262435 0 2
262435 0 1
262592 0 2
262749 0 1
262749 0 3
262749 0 2
262749 0 4
262749 0 5
262749 0 7
262906 0 2
263063 0 6
263063 0 4
263063 0 3
263063 0 2
263063 0 1
263220 0 7
263220 0 1
263220 0 2
263220 0 5
263377 0 2
263377 0 7
263377 0 6
263534 0 7
263534 0 1
263534 0 2
263534 0 4
263691 0 3
263691 0 7
263691 0 2
263691 0 6
263691 0 5
263849 0 1
263849 0 4
263849 0 7
263849 0 3
264006 0 6
264006 0 7
264163 0 5
264163 0 3
264163 0 7
264163 0 2
264320 0 6
264320 0 7
264320 0 1
264320 0 2
264320 0 4
264477 0 5
264477 0 2
264477 0 7
264477 0 3
264634 0 1
264634 0 4
264634 0 5
264634 0 7
264634 0 6
264634 0 3
264791 0 5
264948 0 5
264948 0 6
264948 0 1
264948 0 2
264948 0 4
265105 0 5
265262 0 6
265262 0 7
265262 0 5
265262 0 4
265262 0 3
265262 0 1
265419 0 5
265576 0 6
265576 0 5
265576 0 4
265576 0 3
265733 0 3
265733 0 4
265733 0 5
265890 0 5
265890 0 7
265890 0 6
266047 0 5
266205 0 6
266205 0 5
266362 0 4
266362 0 5
266362 0 2
266519 0 5
266519 0 6
266519 0 7
266519 0 2
266519 0 4
266676 0 5
266833 0 6
266833 0 5
266990 0 1
266990 0 3
266990 0 6
266990 0 5
267147 0 7
267147 0 5
267147 0 6
267147 0 1
267147 0 3
267932 0 2
267932 0 4
267932 0 1
268089 0 3
268089 0 6
268089 0 2
268246 0 7
268246 0 4
268246 0 3
268403 0 6
268403 0 5
268561 0 7
268718 0 6
268718 0 5
268875 0 7
269032 0 6
269032 0 5
269189 0 7
269346 0 5
269346 0 6
269503 0 1
269660 0 2
269660 0 3
269660 0 4
269660 0 6
269817 0 1
269974 0 2
269974 0 3
269974 0 5
269974 0 7
270131 0 1
270288 0 2
270288 0 3
270288 0 4
270288 0 6
270445 0 1
270602 0 2
270602 0 3
270602 0 4
270760 0 7
270917 0 6
270917 0 5
270917 0 1
270917 0 3
271074 0 7
271231 0 6
271231 0 5
271388 0 7
271545 0 6
271545 0 5
271702 0 7
271859 0 6
271859 0 5
272016 0 1
272173 0 2
272173 0 3
272330 0 1
272487 0 2
272487 0 3
272487 0 4
272644 0 1
272801 0 2
272801 0 3
272801 0 6
272801 0 4
272958 0 1
273116 0 2
273116 0 3
273116 0 5
273116 0 7
273430 0 7
273430 0 6
273430 0 3
273430 0 5
273587 0 2
273744 0 7
273744 0 6
273744 0 4
273901 0 2
274058 0 7
274058 0 6
274058 0 4
274215 0 2
274372 0 7
274372 0 6
274372 0 4
274529 0 6
274686 0 2
274686 0 1
274686 0 4
274843 0 6
275000 0 2
275000 0 1
275000 0 3
275000 0 5
275000 0 4
275157 0 6
275314 0 2
275314 0 1
275314 0 5
275314 0 7
275314 0 4
275472 0 6
275629 0 2
275629 0 1
275629 0 4
275629 0 6
275629 0 3
275786 0 1
275943 0 7
275943 0 6
275943 0 2
275943 0 4
275943 0 3
276100 0 1
276257 0 7
276257 0 6
276257 0 3
276414 0 1
276571 0 7
276571 0 6
276571 0 3
276728 0 1
276885 0 7
276885 0 6
276885 0 3
277042 0 1
277199 0 7
277199 0 6
277199 0 3
277199 0 5
277356 0 2
277513 0 7
277513 0 5
277671 0 2
277828 0 6
277828 0 4
277985 0 2
278142 0 3
278142 0 5
278299 0 6
278456 0 7
278456 0 5
278456 0 2
278456 0 4
278456 0 1
278613 0 6
278770 0 7
278770 0 5
278770 0 1
278927 0 6
279084 0 7
279084 0 5
279084 0 1
279241 0 6
279398 0 7
279398 0 5
279398 0 1
279555 0 2
279712 0 3
279712 0 1
279712 0 6
279869 0 2
280027 0 1
280027 0 3
280027 0 7
280027 0 5
280027 0 6
280184 0 2
280341 0 3
280341 0 1
280341 0 4
280341 0 6
280498 0 2
280655 0 1
280655 0 3
280655 0 7
280655 0 5
280655 0 6
280812 0 6
280969 0 7
280969 0 5
280969 0 1
280969 0 3
281126 0 6
281126 0 2
281283 0 7
281283 0 5
281440 0 6
281440 0 2
281597 0 7
281597 0 5
281754 0 6
281754 0 2
281911 0 7
281911 0 5
282068 0 2
282225 0 3
282225 0 1
282225 0 6
282383 0 2
282540 0 3
282540 0 1
282540 0 7
282540 0 5
282540 0 6
282697 0 2
282854 0 3
282854 0 1
282854 0 6
282854 0 4
283011 0 2
283168 0 1
283168 0 3
283168 0 5
283168 0 7
283168 0 6
283325 0 3
283325 0 1
283482 0 6
283482 0 7
283639 0 2
283953 0 2
284110 0 5
284110 0 3
284267 0 2
284581 0 2
284739 0 6
284739 0 4
284896 0 2
285210 0 1
285288 0 6
285367 0 4
285367 0 2
285367 0 1
285445 0 6
285524 0 1
285602 0 6
285681 0 5
285681 0 3
285681 0 1
285760 0 6
285838 0 1
285917 0 6
285995 0 1
286074 0 6
286152 0 1
286231 0 6
286309 0 4
286309 0 1
286309 0 5
286388 0 6
286466 0 1
286545 0 6
286623 0 1
286702 0 6
286780 0 1
286859 0 6
286938 0 7
286938 0 4
286938 0 1
287016 0 6
287095 0 1
287173 0 6
287252 0 1
287330 0 6
287566 0 7
287566 0 5
288194 0 7
288194 0 5
288508-291964 0 1
288508-291964 0 4
288508-291964 0 7
288508-291964 0 6
288508-291964 0 2
